8.730751 -0.000456555 -0.000933446 0.048141930 -0.001627474 -0.000010012 0.000003600 0.999998689
8.834756 -0.000692206 -0.001649466 0.095743924 -0.001549082 0.000085935 0.000074217 0.999998808
8.938756 -0.000971879 -0.002530248 0.143193245 0.000601483 0.000204448 0.000050592 0.999999762
9.042758 -0.001194837 -0.003575467 0.190414071 0.002715242 0.000388700 -0.000482989 0.999996126
9.146631 -0.002097747 -0.004596480 0.238077000 0.003948986 0.000637371 -0.002411496 0.999989092
9.250652 -0.002245669 -0.005655043 0.284916699 0.004721409 0.000372855 -0.004114230 0.999980330
9.354505 -0.002697499 -0.006860210 0.332168162 0.005904496 0.000083285 -0.002931137 0.999978244
9.458529 -0.002215599 -0.008569283 0.378908843 0.007701642 -0.000713615 -0.001321110 0.999969184
9.562503 -0.002539498 -0.009693992 0.425988078 0.008716377 -0.001123485 0.000971249 0.999960899
9.666385 -0.002760845 -0.011286489 0.472692490 0.006882440 -0.002067197 0.000999841 0.999973655
9.770380 -0.003229208 -0.012734945 0.520448208 0.003903508 -0.002917450 0.002089503 0.999985933
9.874249 -0.003531299 -0.014097332 0.566657722 0.002017487 -0.003880641 0.003124411 0.999985516
9.978133 -0.004084588 -0.015268855 0.612792909 0.002522037 -0.004658553 0.003056073 0.999981284
10.082130 -0.005098393 -0.016427258 0.658634782 0.004409828 -0.005169834 0.001407653 0.999975920
10.186010 -0.006337425 -0.017763296 0.704418719 0.006036526 -0.005741616 -0.001012887 0.999964774
10.290010 -0.007680898 -0.019017441 0.749891520 0.006534945 -0.006305443 -0.003042492 0.999954104
10.393880 -0.008802881 -0.020389909 0.795519412 0.006004544 -0.006883969 -0.003925455 0.999950588
10.497760 -0.009889820 -0.021727750 0.840919375 0.005265338 -0.007191492 -0.003938054 0.999952555
10.601750 -0.011219031 -0.023103334 0.885931313 0.005358756 -0.007475963 -0.005071364 0.999944806
10.705630 -0.012364777 -0.024453051 0.930458426 0.005433410 -0.007808709 -0.005242373 0.999940991
10.809650 -0.013150849 -0.025500579 0.974721014 0.004678096 -0.008166702 -0.004445932 0.999945819
10.913510 -0.013790238 -0.026500603 1.018976092 0.003285519 -0.008388715 -0.003904916 0.999951780
11.017510 -0.014791600 -0.027526844 1.063122749 0.001215687 -0.008533075 -0.003827655 0.999955535
11.121380 -0.015894260 -0.028679805 1.106801391 0.000080908 -0.008736098 -0.003961361 0.999953985
11.225380 -0.016578941 -0.029666778 1.149782658 0.000171053 -0.009202856 -0.003973996 0.999949753
11.329280 -0.017670436 -0.030818621 1.192524314 0.001254939 -0.009300557 -0.003771374 0.999948859
11.433260 -0.018698657 -0.032319214 1.234413624 0.002646691 -0.009445954 -0.003492010 0.999945760
11.537150 -0.019629961 -0.032963492 1.275335550 0.004283288 -0.009308731 -0.003518653 0.999941289
11.641130 -0.020414330 -0.033745036 1.316066146 0.005631809 -0.008841118 -0.003469613 0.999939024
11.745130 -0.021202421 -0.035163894 1.355259895 0.005810128 -0.007687204 -0.004751280 0.999942303
11.849140 -0.021623485 -0.036163691 1.394147515 0.005478531 -0.005687318 -0.004719324 0.999957681
11.953260 -0.022159461 -0.037592210 1.432301402 0.004614925 -0.002627128 -0.004592047 0.999975324
12.057260 -0.022213861 -0.038824696 1.469214678 0.003912387 0.001092728 -0.004125399 0.999983251
12.161380 -0.021262884 -0.039742075 1.505007982 0.003360435 0.005175916 -0.004317749 0.999971628
12.265510 -0.021427874 -0.040904265 1.540726662 0.002413445 0.011552346 -0.005203066 0.999916852
12.369630 -0.019478893 -0.042167798 1.573571920 0.001284650 0.018613787 -0.006681997 0.999803603
12.473910 -0.017425217 -0.042710468 1.607208610 0.001047675 0.027930161 -0.006726709 0.999586701
12.578130 -0.015001643 -0.043811470 1.639263034 0.000477686 0.039277982 -0.006965623 0.999203920
12.682390 -0.011232859 -0.044577394 1.670086741 0.000358393 0.052180521 -0.006034970 0.998619378
12.786780 -0.005054733 -0.045068365 1.698349476 0.000994682 0.066169947 -0.004744105 0.997796595
12.891130 0.000269942 -0.045400117 1.726070404 0.001236346 0.083345801 -0.003488359 0.996513844
12.995510 0.007129324 -0.046386514 1.751893401 0.000940422 0.102109492 -0.002856785 0.994768620
13.099880 0.014545581 -0.046812952 1.777074218 0.001228693 0.122796759 -0.002023187 0.992429018
13.204380 0.023485629 -0.046936654 1.801133513 0.001046229 0.145405516 -0.000609877 0.989371419
13.308760 0.033802412 -0.048092213 1.824831247 0.001380289 0.169998690 0.001927480 0.985441446
13.413260 0.044863429 -0.049085736 1.845831275 0.003019390 0.195360541 0.006283702 0.980706692
13.517630 0.057772491 -0.049860068 1.867487550 0.005030761 0.221987054 0.009584595 0.974989533
13.622130 0.071770765 -0.050094672 1.888117671 0.006717323 0.249343038 0.012275075 0.968314111
13.726510 0.086475365 -0.050150998 1.907554746 0.006682422 0.276373118 0.013028118 0.960938871
13.830760 0.102412589 -0.050240859 1.927382350 0.006683855 0.302941084 0.014455469 0.952876210
13.935130 0.120188653 -0.050679427 1.944841743 0.007467184 0.327620119 0.019283351 0.944583237
14.039380 0.138737842 -0.050917026 1.961575747 0.008839127 0.352686852 0.025062134 0.935363948
14.143650 0.157670945 -0.051475607 1.977276802 0.010497029 0.377728879 0.026041776 0.925490439
14.247880 0.176825672 -0.051987525 1.992299914 0.012939668 0.403082252 0.023923855 0.914759517
14.352150 0.197365358 -0.052134462 2.007102251 0.017395776 0.429242641 0.020416345 0.902790844
14.456380 0.219258934 -0.052377068 2.020628214 0.019766141 0.455577314 0.016865829 0.889816940
14.560630 0.243439451 -0.052683655 2.033996582 0.020455949 0.481817007 0.015812822 0.875890315
14.664880 0.269324571 -0.053309485 2.046122313 0.020906268 0.507587910 0.015753115 0.861202180
14.769010 0.296453357 -0.053810287 2.057647705 0.020712536 0.532546699 0.014096645 0.846029758
14.873160 0.325409979 -0.054739397 2.067924261 0.019519508 0.555340350 0.014479664 0.831267953
14.977150 0.355658084 -0.055469830 2.077710390 0.017036686 0.575680375 0.012574919 0.817400575
15.081160 0.387168378 -0.056039140 2.086923599 0.015749494 0.594086409 0.010305400 0.804180980
15.185010 0.420159012 -0.056650903 2.095169544 0.013373839 0.609650254 0.009140910 0.792504966
15.288760 0.454906404 -0.057432663 2.102724075 0.012269039 0.622194111 0.010105698 0.782701552
15.392480 0.490920305 -0.057956859 2.108958721 0.011875887 0.631968439 0.011248485 0.774821460
15.496190 0.528294742 -0.058106367 2.115171671 0.011064616 0.640394330 0.012070403 0.767871737
15.599910 0.566950321 -0.058197930 2.121336460 0.009398075 0.647607505 0.012269254 0.761817336
15.703610 0.606238902 -0.058478475 2.127198458 0.007079595 0.653599083 0.011047163 0.756727219
15.807320 0.646100342 -0.058715746 2.133355141 0.005254172 0.658931077 0.010222143 0.752115488
15.911010 0.688041687 -0.059132755 2.137421131 0.005871220 0.663673162 0.011087670 0.747917414
16.014760 0.730006993 -0.059324246 2.141341925 0.005710253 0.668771923 0.010890807 0.743365884
16.118550 0.773423612 -0.059341840 2.145257950 0.005304999 0.674358010 0.011108906 0.738301933
16.222360 0.817646086 -0.059385613 2.148628235 0.004513874 0.679621220 0.010864609 0.733468890
16.326140 0.862282455 -0.059983462 2.151546478 0.005027683 0.684461355 0.009677516 0.728967607
16.429890 0.907521069 -0.060606442 2.153799534 0.006300130 0.688528359 0.007591192 0.725142300
16.533760 0.953991950 -0.060775947 2.155506134 0.008822707 0.691982865 0.005866871 0.721836150
16.637520 1.001605034 -0.060969107 2.156999826 0.008919651 0.694829404 0.005915114 0.719094932
16.741260 1.049757838 -0.061698925 2.158853531 0.006089505 0.697354674 0.007652980 0.716659486
16.845140 1.098343968 -0.062287237 2.160468817 0.001848622 0.699107409 0.009058802 0.714956820
16.948890 1.146656871 -0.062731914 2.161700010 0.000347266 0.700588346 0.010314798 0.713491023
17.052630 1.194642425 -0.062996760 2.162468195 0.001031682 0.701800883 0.010252581 0.712298632
17.156420 1.242725730 -0.063239627 2.163343906 0.001408905 0.702972949 0.010084910 0.711143732
17.260280 1.290940166 -0.063722372 2.163572311 0.000892842 0.703866661 0.011378107 0.710240424
17.364000 1.339335442 -0.063703559 2.163646698 0.000903291 0.704642236 0.013002912 0.709442973
17.467890 1.388035297 -0.064070106 2.163997650 0.000904971 0.705668211 0.014451174 0.708394468
17.571660 1.435933948 -0.063919298 2.164130449 0.002501749 0.706611156 0.013217854 0.707474172
17.675510 1.483187318 -0.064182214 2.164622307 0.003828808 0.707353652 0.009477849 0.706785858
17.779390 1.530366898 -0.064567856 2.164746046 0.006140579 0.707963943 0.006438455 0.706192553
17.883140 1.577798843 -0.065222636 2.164925814 0.007112093 0.708582222 0.004608655 0.705577314
17.987010 1.625244856 -0.065956995 2.164808512 0.006083748 0.709191024 0.004703735 0.704974413
18.090880 1.672728896 -0.066806585 2.164858103 0.003723834 0.710017323 0.005214830 0.704155087
18.194760 1.720664859 -0.067725167 2.165094137 0.000575934 0.710837066 0.005947517 0.703331351
18.298510 1.767560840 -0.068300411 2.164472818 0.000732755 0.711689293 0.007594367 0.702452898
18.402390 1.814508080 -0.068846568 2.163927078 0.001777493 0.712187171 0.008530679 0.701935530
18.506260 1.861430168 -0.069425501 2.163250208 0.002396245 0.712557316 0.009235951 0.701548994
18.610130 1.908193231 -0.069957629 2.162596464 0.002865240 0.712922692 0.008607205 0.701183915
18.713910 1.955339789 -0.070210896 2.161751270 0.004049515 0.713146865 0.008846276 0.700947106
18.817760 2.003002405 -0.070506133 2.161067724 0.004402363 0.713485658 0.009199897 0.700595617
18.921640 2.050438643 -0.070764005 2.160458803 0.002911447 0.713620424 0.008543596 0.700474381
19.025510 2.099877357 -0.071049124 2.160138130 0.003250454 0.713843286 0.008079608 0.700251341
19.129390 2.148806572 -0.071314380 2.159159660 0.003535451 0.713242114 0.008223329 0.700860560
19.233260 2.198042631 -0.071468502 2.158953667 0.003934817 0.712526262 0.008748423 0.701579869
19.337010 2.246680021 -0.072118133 2.158688307 0.003741172 0.711406469 0.008546531 0.702718854
19.440890 2.296788216 -0.072577164 2.159446716 0.002118304 0.710520267 0.006909976 0.703639627
19.544760 2.347299576 -0.073216967 2.159180164 0.003689002 0.709629357 0.004958921 0.704548001
19.648510 2.398299456 -0.073487937 2.159852266 0.004685644 0.708929002 0.003302663 0.705256522
19.752390 2.449878454 -0.073683016 2.160171509 0.005512108 0.708265364 0.002791623 0.705919266
19.856260 2.501695156 -0.074754879 2.160290956 0.004953269 0.707452774 0.003275381 0.706735671
19.960140 2.553461790 -0.075557753 2.160489798 0.005245025 0.706703782 0.004081758 0.707478344
20.064010 2.606272697 -0.076345377 2.160478354 0.004836089 0.705936253 0.004999203 0.708241224
20.167930 2.659833431 -0.076804020 2.161018133 0.003756858 0.705532074 0.006358744 0.708639503
20.271890 2.713772297 -0.077075161 2.161240339 0.002469775 0.705021441 0.008247799 0.709133744
20.375760 2.767951727 -0.077958390 2.162147760 0.001510808 0.705352664 0.009264641 0.708794415
20.479750 2.821640968 -0.078137420 2.162703276 0.000491829 0.706094980 0.008266234 0.708068728
20.583640 2.875855446 -0.078446247 2.163011312 0.000837598 0.706879675 0.007770846 0.707290649
20.687510 2.931088448 -0.078579150 2.163512707 0.002327101 0.707441270 0.007564587 0.706727803
20.791530 2.986191750 -0.078736663 2.162994146 0.004241894 0.707997084 0.008181203 0.706155241
20.895390 3.041198254 -0.079088025 2.162914991 0.004802273 0.708674431 0.008550133 0.705467463
20.999260 3.097435474 -0.079496510 2.162405968 0.004564326 0.708982468 0.010195144 0.705137610
21.103270 3.152971983 -0.080268361 2.161600828 0.004784029 0.709117472 0.012220676 0.704968214
21.207140 3.207612991 -0.080667384 2.161828995 0.004677471 0.709568858 0.012323646 0.704512775
21.311120 3.261799335 -0.081389256 2.162527084 0.005316414 0.710096657 0.010820054 0.704001009
21.415040 3.315760612 -0.081843868 2.162751436 0.006343332 0.710422754 0.007583660 0.703705728
21.519010 3.369964361 -0.082743794 2.162361622 0.007460839 0.710758507 0.004999643 0.703378737
21.622900 3.423950195 -0.084118672 2.162274122 0.007531717 0.711020291 0.001253668 0.703130126
21.726890 3.477508307 -0.085090406 2.162259340 0.007882595 0.711437345 0.000816960 0.702704847
21.830760 3.532092571 -0.085989751 2.161548615 0.006981075 0.711509526 0.004098287 0.702629805
21.934640 3.586316109 -0.087226622 2.161246777 0.004134370 0.711279750 0.007616504 0.702855587
22.038660 3.640476465 -0.088251337 2.161073923 0.001986922 0.710861266 0.011017448 0.703243196
22.142620 3.693533659 -0.088654511 2.160485983 0.003574068 0.709954500 0.010776134 0.704156041
22.246540 3.746221542 -0.089216463 2.160169125 0.006297611 0.709318817 0.011076733 0.704772592
22.350390 3.798954964 -0.090000980 2.160188198 0.007311517 0.708413780 0.011114541 0.705671966
22.454390 3.851143360 -0.090703361 2.160556078 0.007349137 0.707514763 0.009353060 0.706598461
22.558370 3.903153896 -0.091532327 2.161182880 0.007904903 0.706342578 0.007496045 0.707786322
22.662270 3.955152750 -0.092388153 2.161805153 0.008753042 0.704958379 0.005821464 0.709170759
22.766140 4.006508350 -0.093651153 2.162876129 0.009371258 0.703888595 0.003641308 0.710239291
22.870160 4.057703495 -0.095045671 2.164567232 0.007584985 0.702926993 0.001778732 0.711219370
22.974020 4.109163761 -0.096224524 2.165776014 0.005680413 0.701513231 0.001236621 0.712632716
23.078010 4.160497189 -0.097448476 2.167304277 0.002715670 0.700049937 0.002434784 0.714084566
23.181990 4.211621761 -0.098386928 2.168991327 0.000954811 0.698591053 0.004391003 0.715507030
23.285910 4.262343884 -0.099123567 2.170537233 0.000165299 0.696652293 0.006076103 0.717383206
23.389770 4.313197136 -0.099455923 2.172475576 0.000022979 0.694327354 0.006386028 0.719630957
23.493760 4.363229275 -0.099959113 2.174970627 -0.000373280 0.692221940 0.008769491 0.721631348
23.597640 4.412860870 -0.100333735 2.177969217 -0.000529673 0.689910650 0.008040817 0.723849654
23.701510 4.462260246 -0.100973673 2.181563854 -0.001912073 0.687737823 0.006009024 0.725931704
23.805540 4.511306763 -0.101436473 2.185387611 -0.001357042 0.685712278 0.003783264 0.727861583
23.909390 4.560389042 -0.101838633 2.188918591 -0.000139909 0.683513165 0.002733757 0.729933023
24.013390 4.609064102 -0.102551244 2.192752123 -0.000172866 0.681548715 0.001742327 0.731770635
24.117270 4.658056736 -0.102924265 2.197347403 -0.002471821 0.679883778 0.002857399 0.733310163
24.221270 4.706413746 -0.103367068 2.201634169 -0.004017633 0.677530229 0.004094420 0.735472560
24.325140 4.754645824 -0.104159638 2.206151962 -0.004337026 0.675138593 0.005428891 0.737658203
24.429140 4.802257061 -0.104544565 2.210859060 -0.002393021 0.672503114 0.004475359 0.740076840
24.533020 4.849911213 -0.104721822 2.216307402 0.000801309 0.669454336 0.002524806 0.742848456
24.636890 4.897206306 -0.105431192 2.222100973 0.002264332 0.666072726 0.002713424 0.745878398
24.740760 4.944653034 -0.106234618 2.228159904 0.001546762 0.661919355 0.003749360 0.749564052
24.844640 4.992280006 -0.106584556 2.235065937 -0.000265275 0.657566905 0.006204715 0.753370583
24.948510 5.039874077 -0.106814802 2.242883205 -0.002998875 0.652986944 0.008605475 0.757314324
25.052390 5.086797237 -0.107364208 2.250913143 -0.004233486 0.648617148 0.009778183 0.761040270
25.156270 5.132907867 -0.107620932 2.260509729 -0.003850742 0.644458354 0.006417156 0.764602780
25.260140 5.179293633 -0.108074971 2.269217730 -0.000871638 0.639618933 0.002672788 0.768687010
25.364010 5.225182056 -0.108047627 2.278827667 0.001604992 0.634719253 0.001439979 0.772739828
25.467890 5.271782398 -0.108510084 2.288619518 0.000525936 0.629702806 0.003792883 0.776826680
25.571790 5.318830967 -0.108879201 2.299784422 -0.001900320 0.624992013 0.006282237 0.780603528
25.675640 5.365628719 -0.109010987 2.311641932 -0.003191637 0.620118141 0.008485704 0.784456074
25.779520 5.411430836 -0.109395184 2.323641062 -0.001934275 0.615022838 0.008310122 0.788463175
25.883390 5.456842422 -0.109547488 2.335285902 0.000203094 0.610098064 0.007154354 0.792293608
25.987390 5.504165649 -0.110415578 2.349289894 0.003416625 0.606593430 0.005616731 0.794984996
26.091270 5.550073147 -0.111265525 2.362488985 0.006454951 0.603331566 0.004832570 0.797449708
26.195270 5.595905781 -0.112131961 2.376180410 0.007139934 0.600310922 0.003929623 0.799725235
26.299290 5.642143250 -0.113338850 2.391056538 0.005286443 0.596910298 0.001539239 0.802289069
26.403140 5.688405514 -0.114447281 2.405791044 0.004813170 0.593513250 0.002641051 0.804805458
26.507020 5.734970093 -0.115040377 2.420868158 0.002720384 0.590055645 0.005381840 0.807340026
26.611020 5.781595707 -0.115476556 2.436187267 -0.000088932 0.586991072 0.008170533 0.809552193
26.714890 5.828259945 -0.116153263 2.453260422 -0.005068434 0.584429204 0.006926077 0.811399281
26.818890 5.873787403 -0.116765082 2.470167637 -0.006435620 0.582016051 0.002613925 0.813147604
26.922890 5.919909000 -0.116744861 2.486652613 -0.003045509 0.579550385 0.000414831 0.814930618
27.026890 5.966305733 -0.117066845 2.503040791 0.001672675 0.577424288 0.000252342 0.816442490
27.130890 6.012333870 -0.117557846 2.519696712 0.001719751 0.575581849 -0.000375690 0.817742288
27.234770 6.059366703 -0.118649051 2.538197517 -0.001769199 0.573742390 -0.000644482 0.819033623
27.338640 6.105489731 -0.119254433 2.555543423 -0.003724892 0.571285665 0.000241440 0.820742786
27.442660 6.152485371 -0.120130017 2.573525906 -0.001886663 0.568979979 0.000868010 0.822348714
27.546520 6.198046684 -0.121204592 2.591315269 0.000306838 0.566757321 -0.001359277 0.823883593
27.650520 6.243969917 -0.121552348 2.610037327 0.002985392 0.564747930 -0.003721106 0.825249672
27.754390 6.289709568 -0.122750163 2.628902435 0.003065014 0.562754989 -0.004718831 0.826604605
27.858410 6.335959911 -0.123706669 2.647890568 0.001019457 0.560814857 -0.004347742 0.827929139
27.962300 6.381918430 -0.124904439 2.666610241 -0.000061367 0.558715463 -0.004037604 0.829349577
28.066150 6.427495480 -0.125969037 2.686624527 -0.000578902 0.556844056 -0.004395625 0.830605209
28.170020 6.472446442 -0.126783952 2.706130028 0.000498437 0.554927349 -0.003986434 0.831889153
28.274040 6.517968655 -0.128220201 2.725369453 0.001126923 0.552878499 -0.003412309 0.833254158
28.377890 6.562826157 -0.129283637 2.745005131 0.001118213 0.550891638 -0.002887953 0.834571004
28.481890 6.607686520 -0.130574495 2.764933825 0.000607222 0.548931122 -0.003238678 0.835861087
28.585770 6.651642323 -0.131932512 2.784862280 0.000407529 0.546984971 -0.003537420 0.837134838
28.689660 6.695677757 -0.133140981 2.804939270 0.002537616 0.544936955 -0.004303255 0.838462114
28.793670 6.739128590 -0.134479657 2.824773312 0.004725807 0.542919278 -0.004977423 0.839756846
28.897520 6.782102108 -0.135805205 2.844545364 0.006032310 0.541032374 -0.005715471 0.840960681
29.001520 6.824898243 -0.136949658 2.864811420 0.004640268 0.539440513 -0.004506622 0.841998875
29.105390 6.867866516 -0.138682917 2.885039091 0.000633253 0.537905097 -0.002294701 0.843002021
29.209390 6.910209179 -0.139635876 2.904469728 -0.002332195 0.536426902 0.001671696 0.843941867
29.313270 6.951956272 -0.139981553 2.924427509 -0.003298035 0.535081863 0.004003934 0.844784260
29.417270 6.992032051 -0.140733927 2.943484545 -0.002117244 0.533634245 0.005375531 0.845695615
29.521140 7.030869007 -0.141272023 2.962476254 -0.000441646 0.532146931 0.004456331 0.846640170
29.625020 7.069278240 -0.142005518 2.981622696 0.000826760 0.530885398 0.003890362 0.847434282
29.729040 7.106488705 -0.142425150 3.000173092 0.001678874 0.529675245 0.003924225 0.848189771
29.832900 7.142953396 -0.142830580 3.018151760 0.002393521 0.528609037 0.004350762 0.848850906
29.936770 7.177792549 -0.143670112 3.035814762 0.002078142 0.527500331 0.004809984 0.849538684
30.040770 7.211499214 -0.144517034 3.052966595 0.001653280 0.526576579 0.005579872 0.850107789
30.144650 7.243897915 -0.145201832 3.069094658 0.002074614 0.525377274 0.006584279 0.850841403
30.248520 7.275104046 -0.145582363 3.084925175 0.002632488 0.524278760 0.007382703 0.851510644
30.352400 7.304738998 -0.146042526 3.100565910 0.003321596 0.523472190 0.007306566 0.852004945
30.456270 7.332445145 -0.146517977 3.116112947 0.004313970 0.522838891 0.005285168 0.852404237
30.560270 7.359745979 -0.147350848 3.129317999 0.006237283 0.521228433 0.004509988 0.853382468
30.664040 7.385531902 -0.147898927 3.142425060 0.007994487 0.519289434 0.005239696 0.854544997
30.767900 7.409915447 -0.148755088 3.157030582 0.008997461 0.517892361 0.007197761 0.855368137
30.871790 7.433463573 -0.148993194 3.169354916 0.008478332 0.515056074 0.007398315 0.857082605
30.975650 7.455170631 -0.150003895 3.182830811 0.006759182 0.512534797 0.006451350 0.858615637
31.079540 7.476252556 -0.150435224 3.194856405 0.004004925 0.509579539 0.005754340 0.860395014
31.183270 7.496061325 -0.151185647 3.207172155 0.000355255 0.506878734 0.006664019 0.861991584
31.287140 7.514870644 -0.151463464 3.218034744 -0.001094195 0.503227830 0.007834871 0.864117563
31.390900 7.532563686 -0.151993439 3.228448629 -0.000543509 0.499170274 0.010005239 0.866445959
31.494660 7.548605919 -0.152416050 3.237982273 -0.000135484 0.493957669 0.011538683 0.869409382
31.598390 7.563911915 -0.152362823 3.248325825 0.000288931 0.487737566 0.012876336 0.872895300
31.702150 7.577530384 -0.152501628 3.258164167 0.000139621 0.480446219 0.013003043 0.876927793
31.805770 7.590638638 -0.153302848 3.267895699 -0.000412826 0.471804827 0.012066656 0.881620347
31.909520 7.602495670 -0.153509229 3.277537584 0.000964834 0.462108493 0.011216845 0.886751950
32.013150 7.612962246 -0.154032096 3.286799431 0.002946127 0.452270418 0.009411093 0.891826332
32.116900 7.623005867 -0.154401332 3.295778275 0.005372994 0.442232341 0.008155876 0.896847367
32.220650 7.632204056 -0.154614374 3.305263042 0.006427180 0.432428688 0.005383861 0.901629150
32.324400 7.641132832 -0.154880852 3.315061569 0.005778766 0.422326893 0.001451887 0.906423986
32.428170 7.650320530 -0.154906511 3.324940681 0.005308436 0.411480874 0.000080708 0.911402941
32.531770 7.659830570 -0.154783130 3.334700108 0.005693475 0.399682343 0.001503498 0.916634798
32.635530 7.668342113 -0.155257925 3.344901800 0.005453433 0.387845457 0.003000512 0.921703398
32.739270 7.676898479 -0.155656487 3.355334997 0.004309781 0.374375820 0.003245710 0.927261353
32.842900 7.684450150 -0.155766323 3.366976738 0.002357643 0.360617518 0.001906107 0.932708859
32.946650 7.692120552 -0.155837879 3.378458500 0.000446497 0.346422642 0.001262384 0.938077629
33.050400 7.698953629 -0.156192824 3.389845371 -0.001011574 0.332164586 0.000577993 0.943220675
33.154020 7.705527306 -0.156316400 3.401800871 -0.002272737 0.317769110 -0.001020325 0.948164880
33.257770 7.711133957 -0.156888679 3.413599014 -0.004273050 0.303289771 -0.002797474 0.952884674
33.361650 7.717444420 -0.157405198 3.425808191 -0.005787272 0.287939101 -0.003804665 0.957623661
33.465270 7.722558022 -0.158150926 3.437639475 -0.005868507 0.272058666 -0.003533942 0.962256253
33.569020 7.728152275 -0.158496961 3.451005220 -0.004291170 0.254875153 -0.004155872 0.966955543
33.672790 7.733332634 -0.158676252 3.465008020 -0.002156540 0.236778155 -0.004708815 0.971549928
33.776420 7.738940716 -0.158335045 3.481281519 -0.000886237 0.216320843 -0.005323375 0.976307392
33.880040 7.744027615 -0.159172595 3.498463154 -0.000961610 0.194897071 -0.004891103 0.980811000
33.983650 7.747582912 -0.159063175 3.516268492 -0.000101162 0.173146293 -0.005423850 0.984881222
34.087400 7.751231194 -0.158831820 3.536297560 0.001155761 0.149478659 -0.005654134 0.988748133
34.191020 7.753432274 -0.159032166 3.557468653 0.001889838 0.125301078 -0.005436204 0.992102087
34.294770 7.754900932 -0.159458458 3.579570532 0.001554747 0.100582331 -0.005475099 0.994912446
34.398420 7.756063938 -0.159252867 3.603114605 0.000943117 0.074308455 -0.005203745 0.997221291
34.502140 7.755518913 -0.159378812 3.627735376 -0.000341802 0.048290476 -0.003928338 0.998825550
34.605900 7.754829884 -0.159840703 3.651958942 -0.001583668 0.020984294 -0.002604643 0.999775171
34.709660 7.752089024 -0.159835711 3.677843571 -0.002347086 -0.005839568 -0.001082592 0.999979615
34.813400 7.747359753 -0.159793675 3.704510927 -0.003047268 -0.032207772 -0.000273891 0.999476492
34.917150 7.742031574 -0.159242123 3.733289957 -0.003558361 -0.058432419 -0.000051160 0.998284996
35.021020 7.735120773 -0.159132585 3.763383389 -0.003988295 -0.084014893 0.000890645 0.996456146
35.124770 7.726490974 -0.159008622 3.793933868 -0.004335457 -0.109119989 0.002677870 0.994015515
35.228670 7.716131687 -0.159011140 3.825687170 -0.004568932 -0.133870348 0.004638108 0.990977466
35.332520 7.703754425 -0.159156099 3.858155727 -0.005148746 -0.157553092 0.006579896 0.987475157
35.436400 7.689411163 -0.159261376 3.891503096 -0.005623135 -0.180370271 0.007974870 0.983550370
35.540420 7.672860622 -0.159128368 3.925567389 -0.005785448 -0.201650470 0.008623651 0.979402483
35.644400 7.653881073 -0.159223318 3.961444139 -0.006014267 -0.220693037 0.008880917 0.975284338
35.748650 7.632977962 -0.159115702 3.997594833 -0.005825251 -0.236718893 0.008382453 0.971524537
35.852770 7.610776901 -0.159080803 4.034537315 -0.005310983 -0.249835864 0.007375328 0.968245566
35.957050 7.587364674 -0.159142628 4.072350979 -0.004752268 -0.260052204 0.006550716 0.965560615
36.061290 7.562287331 -0.159282818 4.113126755 -0.004814213 -0.268430918 0.005899015 0.963268816
36.165670 7.536058426 -0.159571290 4.153249264 -0.005108279 -0.274954319 0.005971805 0.961425185
36.269900 7.508675098 -0.159693062 4.195210934 -0.005639641 -0.280832112 0.006258083 0.959719956
36.374170 7.480257034 -0.159644082 4.238413334 -0.006177315 -0.285703063 0.006909773 0.958273351
36.478420 7.450400352 -0.159857005 4.281825542 -0.006401709 -0.289460570 0.006245415 0.957148135
36.582670 7.419438839 -0.160008833 4.326550961 -0.006561865 -0.292830020 0.005880401 0.956123888
36.686900 7.388061523 -0.159975648 4.371665478 -0.006745858 -0.295439363 0.005840718 0.955319822
36.791110 7.355301857 -0.159971714 4.419000626 -0.007042848 -0.297601610 0.006131881 0.954644442
36.895150 7.321254730 -0.160211131 4.466885567 -0.007466984 -0.298869789 0.006515687 0.954242468
36.999490 7.287097454 -0.160408899 4.516309738 -0.007691640 -0.299536854 0.006552902 0.954031229
37.103550 7.252113819 -0.160014510 4.565742016 -0.007307130 -0.299971938 0.006732167 0.953896284
37.207650 7.216433048 -0.160216525 4.616446972 -0.006994812 -0.300390184 0.007107568 0.953764260
37.311780 7.179616451 -0.160358861 4.668480396 -0.006623776 -0.300728440 0.007425738 0.953657925
37.415890 7.142169476 -0.160258994 4.720858574 -0.007033966 -0.301000714 0.007275205 0.953570247
37.520030 7.103860378 -0.160325125 4.774811745 -0.008003311 -0.301412225 0.006273791 0.953439713
37.624150 7.065152645 -0.160468355 4.829524994 -0.008986913 -0.301982552 0.005685196 0.953254104
37.728150 7.026201248 -0.160786107 4.884326458 -0.009091937 -0.302316457 0.005830550 0.953146458
37.832280 6.985887527 -0.160834298 4.940419674 -0.008208152 -0.302778274 0.006349229 0.953004539
37.936280 6.946111679 -0.160513416 4.996447563 -0.007640644 -0.303081602 0.007204899 0.952906728
38.040280 6.903812408 -0.160705879 5.055208206 -0.007907589 -0.303393960 0.008339294 0.952795863
38.144280 6.862022400 -0.160770804 5.113687515 -0.007928730 -0.303787768 0.009408891 0.952660263
38.248280 6.819577217 -0.161396727 5.172023296 -0.006936811 -0.304256141 0.009756411 0.952515006
38.352280 6.776456356 -0.161912948 5.232843876 -0.004694645 -0.305132627 0.010363653 0.952241898
38.456150 6.733163357 -0.162585989 5.293063641 -0.002790267 -0.305571467 0.010003211 0.952112496
38.560150 6.687553883 -0.163588300 5.356353283 -0.002170810 -0.305582315 0.009112447 0.952119589
38.664150 6.642987251 -0.164142624 5.418380260 -0.002587592 -0.305563629 0.007985197 0.952134669
38.768150 6.597472668 -0.165882677 5.479987144 -0.004148515 -0.305272937 0.007400824 0.952227116
38.872030 6.552167416 -0.166036963 5.542341232 -0.005060056 -0.305120081 0.007102837 0.952273965
38.976020 6.507072449 -0.167342767 5.605806828 -0.006567568 -0.305576444 0.007720306 0.952113628
39.079900 6.461925507 -0.168423310 5.668602467 -0.007338636 -0.305745125 0.007862399 0.952052653
39.183930 6.415501118 -0.169234484 5.732464314 -0.007235788 -0.305774331 0.007662499 0.952045679
39.287780 6.369402885 -0.169686511 5.796471596 -0.006997336 -0.305943578 0.006746683 0.952000022
39.391750 6.322297573 -0.170312583 5.858737946 -0.007826054 -0.305750400 0.007012872 0.952053666
39.495830 6.276800156 -0.170451775 5.919953346 -0.008081955 -0.305538148 0.006339649 0.952124417
39.599580 6.229496479 -0.170926377 5.985682964 -0.008477942 -0.305890679 0.006143974 0.952009082
39.703630 6.185714722 -0.171599582 6.048931122 -0.008511493 -0.306515515 0.006333512 0.951806545
39.807870 6.139719009 -0.171527565 6.111095905 -0.008147345 -0.306662202 0.006985380 0.951757908
39.911280 6.093433857 -0.171479568 6.174012661 -0.007753686 -0.307193995 0.007593541 0.951585054
40.015280 6.049392223 -0.173464820 6.237130165 -0.008519955 -0.308054328 0.007382133 0.951301992
40.119140 6.002505302 -0.174230412 6.299658298 -0.008150789 -0.308329612 0.006891330 0.951219738
40.223030 5.958257198 -0.173961863 6.361454010 -0.007854433 -0.308981538 0.007328345 0.951007366
40.326930 5.913904190 -0.174981102 6.423468590 -0.007256630 -0.309670359 0.006835838 0.950791717
40.430770 5.867131233 -0.175011620 6.485908031 -0.006909778 -0.309533387 0.006555475 0.950840890
40.534990 5.822670937 -0.175307229 6.547854424 -0.006563873 -0.309944153 0.005124796 0.950718284
40.638670 5.775842190 -0.176185980 6.610062122 -0.006490247 -0.309041530 0.004583197 0.951015353
40.742540 5.731722832 -0.176590115 6.672040939 -0.005961931 -0.308772117 0.004868371 0.951104939
40.846410 5.684346199 -0.177281514 6.734208107 -0.005007813 -0.307566643 0.004375775 0.951503277
40.950400 5.640257359 -0.178323135 6.796307087 -0.005469723 -0.306950003 0.004601884 0.951698780
41.054600 5.594218254 -0.178507715 6.859374523 -0.006457218 -0.306220382 0.005216952 0.951924443
41.158230 5.547964096 -0.179025441 6.922386169 -0.009169041 -0.305317700 0.005450011 0.952190816
41.262460 5.503472805 -0.179043144 6.985754013 -0.012958406 -0.305043608 0.006283487 0.952229500
41.365930 5.458724976 -0.179514885 7.048383713 -0.014192722 -0.304933071 0.006205400 0.952247798
41.469820 5.412612438 -0.178122491 7.111723423 -0.011711464 -0.304644048 0.007306976 0.952366233
41.573580 5.368069172 -0.178318426 7.174255848 -0.009131874 -0.304906011 0.007449498 0.952309549
41.677410 5.323151112 -0.178145543 7.236756325 -0.009317328 -0.304729789 0.008082995 0.952358961
41.781210 5.278376102 -0.178651884 7.299481869 -0.010805877 -0.304913461 0.007223964 0.952291369
41.885060 5.234981537 -0.179000571 7.361608505 -0.011518984 -0.305386543 0.007208662 0.952131510
41.988800 5.187591553 -0.179323405 7.423496723 -0.010979590 -0.305105478 0.007830134 0.952223063
42.092740 5.143264294 -0.179892778 7.485247612 -0.010315999 -0.305406928 0.008033540 0.952132165
42.196450 5.098377228 -0.179292306 7.547988415 -0.010624343 -0.306059003 0.007847724 0.951920927
42.300170 5.052795887 -0.179171428 7.610325813 -0.012477237 -0.306361020 0.007311661 0.951805532
42.404080 5.009620190 -0.178961530 7.671391010 -0.014222970 -0.306795657 0.007730182 0.951637685
42.507790 4.965405941 -0.178909495 7.733492851 -0.014586885 -0.307453722 0.008204213 0.951415837
42.611550 4.921152592 -0.178446278 7.792323589 -0.013965911 -0.307399035 0.008846658 0.951437056
42.715290 4.876703739 -0.178613961 7.852907658 -0.013087580 -0.307707965 0.009000370 0.951348245
42.819190 4.832354546 -0.178241327 7.912846088 -0.012393548 -0.307536364 0.008514396 0.951417506
42.922920 4.787678719 -0.178550407 7.972476959 -0.011955983 -0.306860626 0.007712936 0.951648116
43.026850 4.744465828 -0.177462235 8.032925606 -0.011366124 -0.306760341 0.007724033 0.951687574
43.130550 4.701239109 -0.177367017 8.092385292 -0.011044648 -0.306459874 0.006785967 0.951795280
43.234430 4.657920837 -0.177839741 8.152189255 -0.011035597 -0.306196779 0.005731347 0.951887012
43.338330 4.615977764 -0.177636832 8.212293625 -0.011580412 -0.306020707 0.006894799 0.951929450
43.442050 4.571407795 -0.178167135 8.271872520 -0.010620465 -0.305519938 0.005961980 0.952107787
43.545910 4.527651310 -0.178288177 8.331111908 -0.009984990 -0.305045575 0.006069225 0.952266097
43.649770 4.486838341 -0.178069994 8.390631676 -0.010298775 -0.305082262 0.007288645 0.952242434
43.753650 4.444049835 -0.178320080 8.449913025 -0.011388541 -0.304631323 0.008419286 0.952365041
43.857500 4.400881290 -0.179310456 8.508607864 -0.011438590 -0.304116488 0.007775309 0.952534437
43.961280 4.361113548 -0.179500267 8.566214561 -0.010316346 -0.304267496 0.008497303 0.952492893
44.065190 4.319509983 -0.179602906 8.624122620 -0.008666541 -0.303984284 0.009761821 0.952587605
44.169050 4.278791428 -0.180020377 8.681799889 -0.007775914 -0.303548306 0.010639038 0.952724934
44.272790 4.237711906 -0.181177497 8.738263130 -0.007995110 -0.303117573 0.008732833 0.952879608
44.376660 4.197045803 -0.181989402 8.794272423 -0.008432060 -0.302775621 0.008261804 0.952988744
44.480540 4.157290936 -0.182983562 8.849349976 -0.008267483 -0.302789986 0.007772057 0.952989757
44.584310 4.118759155 -0.183676705 8.904340744 -0.008074353 -0.302907646 0.008136205 0.952950954
44.688220 4.080011845 -0.184299275 8.958631516 -0.008028121 -0.302823663 0.008242265 0.952977121
44.792180 4.042038918 -0.185171247 9.011716843 -0.007911683 -0.302871257 0.007990696 0.952965140
44.895870 4.004447937 -0.185781211 9.064056396 -0.007914281 -0.302874178 0.007588421 0.952967465
44.999710 3.967447519 -0.186419278 9.115419388 -0.007785476 -0.302920669 0.007562079 0.952953935
45.103550 3.931157827 -0.186910897 9.166618347 -0.008272104 -0.302953362 0.007664354 0.952938676
45.207330 3.893886805 -0.187573552 9.217905998 -0.009216300 -0.302931696 0.007361816 0.952939272
45.311220 3.858507395 -0.187924072 9.268675804 -0.010454144 -0.303221196 0.007381875 0.952834249
45.415240 3.822926044 -0.188236490 9.317620277 -0.011341813 -0.303103209 0.007460288 0.952861011
45.518940 3.788607121 -0.188615918 9.366425514 -0.012221733 -0.303448945 0.008215039 0.952733874
45.622980 3.754693031 -0.188618764 9.414624214 -0.012885263 -0.303798646 0.009371783 0.952603042
45.726540 3.721260309 -0.189062953 9.461810112 -0.012955338 -0.304168910 0.009492525 0.952482700
45.831090 3.688288927 -0.189248472 9.507767677 -0.013173253 -0.304730088 0.009324388 0.952301979
45.934310 3.656132698 -0.190583974 9.553240776 -0.013692813 -0.305447042 0.010285395 0.952055037
46.038180 3.624073505 -0.189748913 9.596638680 -0.013115522 -0.306609184 0.011320891 0.951677799
46.142050 3.593213081 -0.189760327 9.638778687 -0.012814130 -0.308887750 0.012848819 0.950925350
46.245920 3.562377691 -0.189792648 9.682276726 -0.012940077 -0.312474072 0.014298661 0.949730515
46.349680 3.530793905 -0.189579993 9.721639633 -0.013066941 -0.317103535 0.015539161 0.948173583
46.453430 3.501255512 -0.190126687 9.762272835 -0.013895034 -0.323099375 0.016676465 0.946116090
46.557220 3.469895840 -0.190857649 9.800024033 -0.014498438 -0.329624385 0.017308448 0.943842113
46.660970 3.438080072 -0.191117436 9.838202477 -0.015059750 -0.337568760 0.018578075 0.940997005
46.764550 3.407196760 -0.191665336 9.873286247 -0.015709810 -0.346884668 0.020208567 0.937558472
46.868310 3.374798059 -0.191564187 9.907909393 -0.016282886 -0.357412398 0.022013530 0.933545172
46.971930 3.342915297 -0.191806808 9.940210342 -0.016768459 -0.369904518 0.022274915 0.928651333
47.075560 3.309803247 -0.192367435 9.970399857 -0.016886279 -0.383329451 0.020722955 0.923224747
47.179170 3.275854826 -0.192206666 9.999292374 -0.016892366 -0.397560924 0.018832579 0.917226970
47.282920 3.242055416 -0.192781419 10.025544167 -0.016737482 -0.413198918 0.016833354 0.910331368
47.386540 3.208127499 -0.192993537 10.050399780 -0.016584475 -0.430215508 0.015377976 0.902442813
47.490160 3.174354076 -0.192460895 10.073142052 -0.017261665 -0.448896438 0.015256549 0.893286765
47.593870 3.139180183 -0.193669036 10.094118118 -0.016761951 -0.469061226 0.012638015 0.882916152
47.697410 3.103665829 -0.194137082 10.112316132 -0.014444198 -0.489772469 0.009449187 0.871679425
47.801160 3.068267584 -0.194574594 10.127295494 -0.010501777 -0.509797573 0.004749066 0.860217154
47.904910 3.031794786 -0.195176870 10.141007423 -0.007427605 -0.529643655 0.001547170 0.848186374
48.008600 2.995497227 -0.195859328 10.153276443 -0.004232486 -0.549971759 -0.000370381 0.835172415
48.112290 2.958201885 -0.196161181 10.164443970 -0.003251299 -0.570659161 -0.000670135 0.821180284
48.216060 2.920700312 -0.196083620 10.173787117 -0.003087849 -0.591147900 -0.001321630 0.806556165
48.319780 2.883281708 -0.196622312 10.181145668 -0.003961399 -0.611230552 -0.002189550 0.791439652
48.423630 2.845068693 -0.197402745 10.185507774 -0.003406870 -0.630990088 -0.006584885 0.775755465
48.527420 2.806362629 -0.197395593 10.188118935 -0.002334693 -0.650514245 -0.012338209 0.759390235
48.631190 2.768072605 -0.197421059 10.188587189 -0.003085637 -0.669582903 -0.014757920 0.742584229
48.734910 2.730504751 -0.196706459 10.188330650 -0.004197939 -0.688727081 -0.013132627 0.724889576
48.838780 2.693030834 -0.197323099 10.186759949 -0.007146799 -0.707289994 -0.009894731 0.706818104
48.942530 2.656036615 -0.196969673 10.182291985 -0.007420923 -0.725057244 -0.008031438 0.688601792
49.046410 2.620208025 -0.197518542 10.175168037 -0.007757691 -0.742015481 -0.007326812 0.670297801
49.150280 2.583408117 -0.196943998 10.166665077 -0.006657723 -0.758509696 -0.006880599 0.651591361
49.254030 2.548318148 -0.196310237 10.156944275 -0.006830771 -0.774945319 -0.006089455 0.631962061
49.357910 2.512377501 -0.195447773 10.145783424 -0.008788578 -0.790856481 -0.004417976 0.611922562
49.461780 2.476424932 -0.194782197 10.132650375 -0.009629287 -0.805168867 -0.003420048 0.592957497
49.565780 2.440942049 -0.195037812 10.116497040 -0.009041876 -0.818222463 -0.005685191 0.574802458
49.669780 2.405774832 -0.194574594 10.099000931 -0.009646047 -0.830137432 -0.008233021 0.557414532
49.773780 2.370041847 -0.194140553 10.080906868 -0.012112925 -0.840543211 -0.009146957 0.541531861
49.878030 2.333931208 -0.193906710 10.061813354 -0.014860474 -0.849485993 -0.009230300 0.527321041
49.982180 2.298439980 -0.193179116 10.040765762 -0.015136825 -0.857269883 -0.009677482 0.514553845
50.086410 2.262788773 -0.192615867 10.018574715 -0.015029566 -0.863792717 -0.010550899 0.503512621
50.190690 2.227186441 -0.191851735 9.995541573 0.014293546 0.869155824 0.010839997 -0.494212896
50.295050 2.190725565 -0.190930307 9.971660614 0.013922734 0.873369634 0.010926703 -0.486736268
50.399300 2.154078007 -0.190387145 9.947055817 0.013210644 0.876693249 0.011034719 -0.480741858
50.503680 2.117581844 -0.189496547 9.922254562 0.012227846 0.879361033 0.011119727 -0.475868672
50.608030 2.080113888 -0.189011291 9.895791054 0.010685966 0.881392837 0.010798757 -0.472139746
50.712390 2.041736126 -0.188171595 9.869515419 0.010510257 0.883149683 0.010088360 -0.468864948
50.816730 2.002660990 -0.187137932 9.842210770 0.011074515 0.884393215 0.009446662 -0.466515571
50.920920 1.962377071 -0.186485201 9.814297676 0.012558726 0.885358214 0.008501056 -0.464662135
51.025280 1.921826124 -0.186003417 9.785255432 0.011330171 0.886189103 0.008378098 -0.463109314
51.129530 1.880921960 -0.185690060 9.755054474 0.008903831 0.886757553 0.009093567 -0.462059647
51.233800 1.838588953 -0.184657991 9.724364281 0.007623931 0.887182772 0.009808956 -0.461250812
51.338030 1.794601440 -0.183424428 9.692931175 0.008990408 0.887289286 0.009570624 -0.461026281
51.442160 1.749477744 -0.182646602 9.661699295 0.011254142 0.887225032 0.008378712 -0.461123526
51.546400 1.702825427 -0.182259306 9.629130363 0.011202221 0.887020469 0.008002847 -0.461524874
51.650530 1.656281233 -0.181839570 9.595336914 0.008240850 0.886967421 0.007237063 -0.461701781
51.754650 1.609669447 -0.181016520 9.561507225 0.005949462 0.886839092 0.004635385 -0.462016791
51.858780 1.558706880 -0.179815218 9.525884628 0.004658845 0.886772454 0.002730605 -0.462174743
51.962780 1.507307410 -0.179701909 9.490174294 0.005839582 0.886647046 0.002181360 -0.462404668
52.066910 1.454342842 -0.179463297 9.453265190 0.005695941 0.886593819 0.003522973 -0.462500364
52.171030 1.400956392 -0.179479778 9.414746284 0.003601302 0.886519074 0.006204102 -0.462636411
52.275030 1.345865011 -0.179221779 9.375423431 0.002522221 0.886581004 0.007441535 -0.462506652
52.379030 1.289415598 -0.178754434 9.335679054 0.002702268 0.886682987 0.008280271 -0.462295771
52.483160 1.231127024 -0.177519128 9.294886589 0.003077231 0.886654198 0.009689015 -0.462321311
52.587160 1.171792269 -0.176503703 9.252862930 0.004363316 0.886424780 0.011352777 -0.462712795
52.691180 1.112291932 -0.175415769 9.210869789 0.003394066 0.886453509 0.012948540 -0.462623984
52.795150 1.049420595 -0.174752846 9.166418076 0.001370145 0.886676013 0.012630202 -0.462216675
52.899160 0.987587988 -0.173480287 9.123686790 0.001038804 0.886943161 0.010978909 -0.461746871
53.003160 0.924562931 -0.172468886 9.078404427 0.002469057 0.886948168 0.010799207 -0.461736113
53.107160 0.859180152 -0.171620145 9.033500671 0.004713411 0.886882901 0.012805871 -0.461792737
53.211180 0.793489099 -0.170412898 8.986949921 0.006821043 0.886764109 0.012983205 -0.461989522
53.315160 0.727069676 -0.169718966 8.940986633 0.007613568 0.886862576 0.012349900 -0.461805433
53.419160 0.660992622 -0.168613940 8.893928528 0.007637918 0.886771858 0.010230605 -0.462031007
53.523150 0.593968749 -0.166977718 8.846385956 0.008522928 0.886841774 0.007255077 -0.461937666
53.627040 0.526265681 -0.166771755 8.797921181 0.008054532 0.886723101 0.006246553 -0.462188512
53.731040 0.456643760 -0.165294275 8.750475883 0.007671257 0.886645436 0.005895038 -0.462348610
53.835050 0.387114823 -0.164676696 8.701583862 0.007957155 0.886522889 0.007042245 -0.462562740
53.938910 0.317285508 -0.164470896 8.651556015 0.008267196 0.886305630 0.009032400 -0.462938845
54.042910 0.248876214 -0.163605347 8.602296829 0.009204059 0.886044860 0.009876833 -0.463402897
54.146780 0.177011728 -0.162492260 8.553916931 0.012201617 0.886006951 0.009133371 -0.463421375
54.250800 0.107422754 -0.161919862 8.505961418 0.015473608 0.885822058 0.008167689 -0.463695109
54.354660 0.037677649 -0.160599768 8.458140373 0.017489417 0.885805488 0.008656899 -0.463646114
54.458660 -0.034391735 -0.159373522 8.409200668 0.020923179 0.885704160 0.010550020 -0.463658363
54.562530 -0.104107745 -0.157802209 8.360997200 0.023404432 0.885658026 0.012260138 -0.463585824
54.666410 -0.173578858 -0.156045362 8.313076019 0.024000850 0.885565281 0.011063262 -0.463762552
54.770420 -0.242061704 -0.154211700 8.264256477 0.021106185 0.885517716 0.008087885 -0.464055538
54.874290 -0.311014771 -0.152913481 8.216040611 0.018928843 0.885292888 0.004295579 -0.464628637
54.978530 -0.379512101 -0.152080432 8.168157578 0.018490942 0.885123789 0.002898668 -0.464979082
55.082040 -0.450220436 -0.151592329 8.120277405 0.019450892 0.884959936 0.003863581 -0.465244710
55.185920 -0.518631101 -0.150617883 8.072265625 0.019892288 0.884695888 0.005044577 -0.465716660
55.290780 -0.588204384 -0.150089353 8.025539398 0.020295143 0.884634554 0.005646049 -0.465808898
55.393730 -0.656565905 -0.149628818 7.977845192 0.019272277 0.883765519 0.006405547 -0.467489094
55.497680 -0.724716127 -0.148323029 7.931225300 0.017682226 0.882239401 0.007260097 -0.470412791
55.601700 -0.792587280 -0.147929192 7.885686874 0.016910994 0.880161166 0.008029060 -0.474305689
55.705670 -0.862733662 -0.146780834 7.841234684 0.016968526 0.877452791 0.007406419 -0.479305536
55.809690 -0.932465136 -0.146313086 7.798271179 0.018010862 0.873834610 0.007389872 -0.485833347
55.913810 -1.001514196 -0.144488424 7.756506920 0.020142328 0.869405091 0.007601740 -0.493630737
56.017930 -1.073720336 -0.143862322 7.717147350 -0.022008425 -0.864344954 -0.008206881 0.502350509
56.122050 -1.146190405 -0.142398834 7.678588867 -0.022925952 -0.858014524 -0.008179333 0.513048291
56.226190 -1.219197989 -0.140114963 7.643028259 -0.024327632 -0.850667834 -0.006829680 0.525095940
56.330510 -1.293716908 -0.138410151 7.609630585 -0.025744308 -0.842151642 -0.006428885 0.538587451
56.434670 -1.369232059 -0.137384817 7.578433990 -0.026715450 -0.833198786 -0.005735967 0.552298129
56.538940 -1.445853949 -0.134892002 7.549875259 -0.027328309 -0.824054778 -0.004178579 0.565835118
56.643030 -1.519856572 -0.135071412 7.523845673 -0.025583277 -0.814568520 0.000084216 0.579502881
56.747290 -1.595415950 -0.133839011 7.501000404 -0.022684265 -0.804803908 0.004186878 0.593092322
56.851430 -1.672828674 -0.133632630 7.479967117 -0.019338313 -0.794968665 0.005819956 0.606314242
56.955550 -1.750233650 -0.133095384 7.460708141 -0.016961616 -0.785074770 0.004758865 0.619150400
57.059650 -1.827821970 -0.133576050 7.444704533 -0.016178953 -0.776043773 0.004380465 0.630456209
57.163560 -1.907668591 -0.133624926 7.430373669 -0.016093431 -0.767794192 0.005644156 0.640469551
57.267470 -1.987199903 -0.133114830 7.417912483 -0.016326817 -0.760754347 0.007658476 0.648789287
57.371290 -2.068087339 -0.133056149 7.407042503 -0.016347826 -0.754404843 0.006886477 0.656169713
57.475150 -2.149911165 -0.133514836 7.397249699 -0.017121490 -0.748073876 0.003899352 0.663383126
57.579070 -2.232787371 -0.133533090 7.389141083 -0.018040979 -0.741895080 0.003235223 0.670265436
57.682930 -2.316276073 -0.133207321 7.382303715 -0.017611673 -0.735917568 0.003242882 0.676834285
57.786690 -2.400141001 -0.132498190 7.376117706 -0.015773913 -0.730330646 0.004757683 0.682895064
57.890570 -2.484615326 -0.133066788 7.371531963 -0.015958466 -0.725429714 0.006979014 0.688075840
57.994890 -2.571185589 -0.132168144 7.369165897 -0.019067790 -0.721969008 0.007838491 0.691618204
58.098070 -2.658396959 -0.131605193 7.366602421 -0.024519701 -0.719358802 0.006526043 0.694175124
58.201850 -2.745916128 -0.130335867 7.364479542 -0.028902944 -0.718161047 0.004692752 0.695260584
58.305440 -2.835094690 -0.128144518 7.361923218 -0.028229691 -0.717750609 0.004128780 0.695715487
58.409230 -2.923602104 -0.127083972 7.358497143 -0.026243525 -0.717495263 0.003844906 0.696058214
58.512810 -3.013612747 -0.125206441 7.354382038 -0.022699391 -0.717100680 0.003593906 0.696590602
58.616560 -3.104852438 -0.123734646 7.350573540 -0.018962059 -0.717047393 0.001501789 0.696764767
58.720450 -3.196964264 -0.123069949 7.346719265 -0.017455330 -0.717040658 -0.000344999 0.696812630
58.824030 -3.290595055 -0.121351689 7.343575001 -0.017367048 -0.717292309 -0.001793500 0.696553588
58.927820 -3.384773970 -0.119966492 7.339791775 -0.017095678 -0.717485666 -0.003097013 0.696356535
59.031700 -3.479373455 -0.118490875 7.336911201 -0.017166244 -0.717987180 -0.003388163 0.695836365
59.135420 -3.575466394 -0.116624050 7.333415508 -0.015689647 -0.718544602 -0.003598999 0.695294499
59.239170 -3.672037601 -0.115555733 7.329607964 -0.014847821 -0.718856335 -0.003380264 0.694991827
59.343070 -3.769379616 -0.114801340 7.325399876 -0.013253199 -0.719052732 -0.003720872 0.694819212
59.446780 -3.866855145 -0.113392062 7.322106361 -0.011809456 -0.719244361 -0.004212730 0.694644034
59.550680 -3.965756893 -0.113063179 7.317676067 -0.010996069 -0.718557119 -0.005319962 0.695360661
59.654550 -4.065137386 -0.112510778 7.314001083 -0.010802802 -0.717990875 -0.006196299 0.695941091
59.758420 -4.165058613 -0.111453861 7.310790539 -0.010751508 -0.717462540 -0.006377628 0.696484923
59.862460 -4.264380455 -0.110630363 7.307563782 -0.010498077 -0.717016160 -0.006551083 0.696946681
59.965990 -4.363550186 -0.110081084 7.304472923 -0.011285960 -0.716603756 -0.007274603 0.697351217
60.069690 -4.462503910 -0.109154783 7.301301003 -0.011922768 -0.716325045 -0.008097503 0.697617829
60.173450 -4.561264515 -0.108019173 7.297618389 -0.012132101 -0.715879202 -0.008997278 0.698060691
60.277190 -4.659987450 -0.107637957 7.294884205 -0.011326608 -0.715596855 -0.009157725 0.698361635
60.381050 -4.757813454 -0.107492089 7.291578770 -0.010642362 -0.715251625 -0.008356125 0.698736012
60.484800 -4.855652332 -0.105787441 7.289364338 -0.009555101 -0.715184689 -0.008146290 0.698822737
60.588540 -4.954621792 -0.105444103 7.286870480 -0.009696036 -0.714729011 -0.008343576 0.699284494
60.692600 -5.051364899 -0.104349278 7.284573078 -0.009577735 -0.714170218 -0.009001883 0.699848652
60.797000 -5.148604870 -0.103621066 7.282059193 -0.009776274 -0.713272035 -0.010089148 0.700746536
60.900200 -5.247819424 -0.103044473 7.280756950 -0.009718487 -0.712173104 -0.009872793 0.701867223
61.003920 -5.343791485 -0.101902954 7.278606415 -0.008618393 -0.710952461 -0.010293146 0.703111887
61.107700 -5.439828873 -0.101236872 7.276708603 -0.007934804 -0.709910214 -0.010278910 0.704172492
61.211580 -5.535401344 -0.100127146 7.276733875 -0.008703023 -0.708996892 -0.010460918 0.705080330
61.315290 -5.632475376 -0.098820262 7.276141167 -0.009135440 -0.708024144 -0.010954366 0.706044137
61.419200 -5.727729321 -0.098458387 7.275979042 -0.009768317 -0.707119882 -0.011380734 0.706934571
61.522950 -5.822745323 -0.097837821 7.276168823 -0.010094495 -0.706256151 -0.011269416 0.707794726
61.626790 -5.919687271 -0.096580707 7.275487900 -0.010074769 -0.705381215 -0.010795892 0.708674312
61.730990 -6.015979767 -0.096122444 7.275562286 -0.010023030 -0.704745650 -0.010450776 0.709312260
61.834510 -6.107719421 -0.094682798 7.276732445 -0.009706969 -0.704363763 -0.010486755 0.709695399
61.938390 -6.202954769 -0.093877234 7.276627064 -0.009627643 -0.704015791 -0.011139227 0.710031748
62.042070 -6.295831680 -0.092147760 7.277687550 -0.008682203 -0.703713715 -0.010721291 0.710349739
62.145930 -6.389243126 -0.090893202 7.279357433 -0.006965182 -0.703756273 -0.009130056 0.710348666
62.249910 -6.484032154 -0.090137340 7.278936863 -0.005612277 -0.703647435 -0.008397110 0.710477471
62.353660 -6.578769207 -0.090042926 7.279709816 -0.005483523 -0.703784704 -0.007737566 0.710350096
62.457420 -6.671934605 -0.090091497 7.280404568 -0.006361528 -0.704149604 -0.007706651 0.709981322
62.561290 -6.766211510 -0.089857109 7.281485558 -0.007200144 -0.704368711 -0.007288753 0.709760308
62.665290 -6.858149529 -0.089224286 7.281410217 -0.008252704 -0.704737186 -0.006835029 0.709387541
62.769050 -6.950694561 -0.089114107 7.280796051 -0.008976631 -0.704950631 -0.006864277 0.709166288
62.872800 -7.043317795 -0.089507982 7.281895638 -0.009201411 -0.705372512 -0.007432458 0.708738089
62.976670 -7.135275364 -0.089696065 7.280621529 -0.008920565 -0.705539942 -0.008270700 0.708565712
63.080660 -7.227218628 -0.089206740 7.278740883 -0.008424349 -0.705323696 -0.007723428 0.708793223
63.184460 -7.319051266 -0.088419393 7.279954910 -0.009123111 -0.706367552 -0.005771634 0.707762897
63.288240 -7.410238266 -0.088153608 7.279285431 -0.009099815 -0.707476735 -0.005009236 0.706660330
63.392070 -7.501262188 -0.088244684 7.278790474 -0.008450827 -0.708663166 -0.005473988 0.705475092
63.495820 -7.591674328 -0.088515759 7.277046680 -0.007954450 -0.709367752 -0.004824525 0.704777122
63.599720 -7.681233883 -0.088640779 7.275699615 -0.007816250 -0.710000455 -0.004560415 0.704143047
63.703640 -7.770632744 -0.088004202 7.274326324 -0.007592916 -0.710436881 -0.004800500 0.703703582
63.807440 -7.858418465 -0.089087002 7.272926807 -0.008155524 -0.710519969 -0.006066395 0.703603625
63.911420 -7.945940971 -0.089164756 7.271407127 -0.008576823 -0.710311592 -0.007054476 0.703799725
64.015770 -8.033018112 -0.089149006 7.270786285 -0.008861913 -0.710091233 -0.007439851 0.704014599
64.119460 -8.117310524 -0.088916421 7.270036221 -0.008587221 -0.709590316 -0.007621455 0.704520941
64.223410 -8.198911667 -0.089231402 7.266476631 -0.007532179 -0.708531797 -0.009000032 0.705581248
64.327430 -8.279932976 -0.088976301 7.265130043 -0.007200074 -0.707078695 -0.009307287 0.707036912
64.431450 -8.361388206 -0.088884562 7.266243935 -0.007933674 -0.705349684 -0.008730671 0.708761334
64.535560 -8.439915657 -0.088500500 7.267881393 -0.008290656 -0.702957094 -0.008490702 0.711133301
64.639590 -8.514664650 -0.087918386 7.271075249 -0.009064343 -0.700139046 -0.007652417 0.713907957
64.743580 -8.589278221 -0.087901473 7.273714542 -0.010142140 -0.697482586 -0.007399632 0.716491699
64.847590 -8.660151482 -0.089715868 7.273040295 -0.011613703 -0.694182038 -0.006696046 0.719674587
64.951550 -8.729437828 -0.089666598 7.275699139 -0.012436855 -0.691325545 -0.006129458 0.722410381
65.055500 -8.803738594 -0.088941954 7.283454418 -0.013545079 -0.689152002 -0.005582671 0.724468648
65.159520 -8.864380836 -0.088886030 7.284863949 -0.013328165 -0.686345696 -0.005393863 0.727133274
65.263460 -8.922900200 -0.089771286 7.288195610 -0.013732818 -0.683905840 -0.004972560 0.729424119
65.367480 -8.985763550 -0.089198321 7.296470165 -0.013838710 -0.682227194 -0.004253857 0.730996907
65.471470 -9.039201736 -0.089319132 7.296230316 -0.013954174 -0.679548562 -0.003783281 0.733488023
65.575320 -9.093402863 -0.089130871 7.300692081 -0.014383326 -0.677678883 -0.002667932 0.735212386
65.679310 -9.145318031 -0.089438759 7.305517673 -0.015599941 -0.675879538 -0.002534348 0.736842632
65.783300 -9.193921089 -0.088226579 7.310462475 -0.016043605 -0.674544036 -0.002961016 0.738054335
65.887300 -9.239827156 -0.088476688 7.313899994 -0.016561072 -0.672919452 -0.003331169 0.739522815
65.991170 -9.281891823 -0.088844165 7.318346500 -0.017087650 -0.671841085 -0.003179050 0.740491390
66.095340 -9.320815086 -0.089093313 7.323286533 -0.017956002 -0.671071708 -0.002903849 0.741169274
66.199080 -9.360557556 -0.088339597 7.326659203 -0.018692881 -0.669970870 -0.002199168 0.742148757
66.303070 -9.394953728 -0.088200420 7.330388069 -0.019261912 -0.669440567 -0.002275269 0.742612362
66.407050 -9.426933289 -0.088461787 7.332723141 -0.019849576 -0.669174433 -0.002826809 0.742834806
66.512930 -9.456907272 -0.087282479 7.336713314 -0.019621281 -0.669456124 -0.003094953 0.742585897
66.614800 -9.483603477 -0.085643567 7.338532448 -0.018658387 -0.669820726 -0.003265377 0.742281199
66.718800 -9.506693840 -0.086373940 7.340425491 -0.017110115 -0.670502961 -0.004327039 0.741696894
66.824140 -9.528899193 -0.086482942 7.341442108 -0.016579065 -0.671434641 -0.004667672 0.740863621
66.926760 -9.543239594 -0.087164454 7.345814705 -0.015661575 -0.672559679 -0.004769394 0.739861786
67.031610 -9.565193176 -0.088634737 7.344804764 -0.014705583 -0.673506975 -0.004503326 0.739020884
67.134650 -9.584039688 -0.088167265 7.346645832 -0.014278233 -0.674454510 -0.003411427 0.738170505
67.238470 -9.601520538 -0.086687893 7.348934650 -0.014094293 -0.675655961 -0.002835236 0.737076879
67.342520 -9.618177414 -0.085125372 7.349103928 -0.014112387 -0.676407993 -0.003261716 0.736384749
67.446480 -9.634703636 -0.086218305 7.348188400 -0.013834783 -0.677112877 -0.004283687 0.735736668
67.550330 -9.647724152 -0.085996509 7.348409653 -0.012917840 -0.678103685 -0.004722227 0.734837532
67.654290 -9.662010193 -0.086126037 7.350009918 -0.012966330 -0.679593086 -0.004172655 0.733462811
67.758210 -9.671839714 -0.085912526 7.350246429 -0.013516626 -0.680657864 -0.003334905 0.732469141
67.862190 -9.683794022 -0.085244298 7.351499081 -0.013325870 -0.682795525 -0.003019885 0.730481744
67.966080 -9.695932388 -0.085108213 7.349197865 -0.013073249 -0.684908569 -0.003417933 0.728503764
68.070190 -9.706599236 -0.084901020 7.348365307 -0.012157863 -0.687697291 -0.004161367 0.725883782
68.173980 -9.717039108 -0.085429989 7.348555088 -0.011733621 -0.690652907 -0.005127058 0.723073065
68.277930 -9.725783348 -0.085276529 7.349493980 -0.011675933 -0.693295538 -0.006014519 0.720533669
68.381800 -9.732838631 -0.085625745 7.348398209 -0.011478182 -0.695515513 -0.006705931 0.718388140
68.485930 -9.739546776 -0.085161023 7.348785877 -0.011209876 -0.697372019 -0.006967991 0.716587782
68.589980 -9.743768692 -0.085230574 7.347918034 -0.011145166 -0.698838353 -0.006522458 0.715163112
68.693970 -9.747034073 -0.084786706 7.347925663 -0.010863733 -0.700079918 -0.006421336 0.713952959
68.797970 -9.748998642 -0.085061006 7.346918106 -0.011032978 -0.700698376 -0.006348173 0.713344097
68.902060 -9.750956535 -0.085414611 7.348002911 -0.010762486 -0.701638699 -0.006466696 0.712422311
69.006040 -9.751406670 -0.085661896 7.348199844 -0.010762827 -0.701883972 -0.006678619 0.712178648
69.110830 -9.751041412 -0.086048402 7.347613335 -0.010868230 -0.701710522 -0.006731814 0.712347507
69.214230 -9.750514984 -0.085513309 7.345787048 -0.010799072 -0.701436579 -0.006135651 0.712623656
69.318190 -9.750399590 -0.085793674 7.347753525 -0.010520778 -0.701863885 -0.005505183 0.712212086
69.422330 -9.750492096 -0.085228205 7.346743107 -0.010124990 -0.701554954 -0.005351960 0.712523282
69.526320 -9.751381874 -0.085794427 7.348099709 -0.010307960 -0.701887965 -0.005735883 0.712189615
69.630320 -9.750953674 -0.085202672 7.347832203 -0.010059275 -0.701881707 -0.005451540 0.712201655
69.734330 -9.751282692 -0.085283101 7.347238541 -0.010095078 -0.701718509 -0.005451736 0.712361872
69.838430 -9.751091957 -0.086241417 7.347916126 -0.010413139 -0.701877415 -0.005774558 0.712198257
69.943310 -9.750784874 -0.085166201 7.348014355 -0.010085352 -0.701900363 -0.005374700 0.712183416
70.047250 -9.750854492 -0.084148630 7.348236084 -0.009862055 -0.701972723 -0.005181586 0.712116659
70.150510 -9.750713348 -0.086355180 7.347950935 -0.010484336 -0.701932907 -0.005647149 0.712143481
70.254450 -9.750745773 -0.085253067 7.348259926 -0.010157430 -0.701891780 -0.005460809 0.712190211
70.358440 -9.750816345 -0.085444152 7.347682953 -0.010133271 -0.701879323 -0.005571299 0.712202013
70.462450 -9.750769615 -0.085586943 7.347989559 -0.010193364 -0.702005923 -0.005556785 0.712076485
70.566450 -9.750915527 -0.084793799 7.347945213 -0.010026642 -0.702053130 -0.005356141 0.712033808
70.670640 -9.751007080 -0.085656077 7.347509861 -0.010258806 -0.702054381 -0.005456975 0.712028503
70.774540 -9.750935555 -0.085654624 7.347582817 -0.010237024 -0.702132761 -0.005468238 0.711951435
70.878550 -9.750713348 -0.085628793 7.347701550 -0.010338738 -0.702212751 -0.005405335 0.711871505
70.982540 -9.751011848 -0.085861869 7.347517014 -0.010432286 -0.702272534 -0.005465281 0.711810768
71.086680 -9.750976562 -0.085355647 7.347464561 -0.010356915 -0.702336013 -0.005309698 0.711750388
71.190680 -9.750739098 -0.085792355 7.347764015 -0.010538319 -0.702546597 -0.005347030 0.711539626
71.294670 -9.750847816 -0.085872404 7.347417831 -0.010561586 -0.702609062 -0.005320438 0.711477757
71.398790 -9.750811577 -0.085594550 7.346667290 -0.010581310 -0.702695251 -0.005186980 0.711393356
71.503010 -9.751005173 -0.085602440 7.346994877 -0.010668823 -0.702823877 -0.005126938 0.711265385
71.606920 -9.750877380 -0.085866824 7.347057819 -0.010717023 -0.702847660 -0.005163136 0.711240947
71.710990 -9.751068115 -0.085423127 7.346983433 -0.010635800 -0.702841938 -0.005059434 0.711248517
71.817720 -9.750919342 -0.085873097 7.347361565 -0.010777505 -0.703010976 -0.005075283 0.711079180
71.918960 -9.750776291 -0.085884869 7.347382069 -0.010800533 -0.703031361 -0.005062155 0.711058736
72.023080 -9.751425743 -0.084823765 7.347739220 -0.010521790 -0.703103602 -0.004900586 0.710992634
72.127050 -9.750931740 -0.084759414 7.348104477 -0.010532594 -0.703251243 -0.004855993 0.710846722
72.231970 -9.750885010 -0.085327864 7.346938610 -0.010682422 -0.703138590 -0.004902325 0.710955679
72.335120 -9.750972748 -0.085535750 7.347115040 -0.010753685 -0.703193307 -0.004958690 0.710900068
72.439200 -9.750670433 -0.085642159 7.346651077 -0.010718389 -0.703116775 -0.005009622 0.710976005
72.543190 -9.750682831 -0.085612938 7.347351551 -0.010746782 -0.703276813 -0.004991690 0.710817337
72.647200 -9.750879288 -0.085816093 7.347132683 -0.010784291 -0.703296304 -0.005020058 0.710797310
72.751200 -9.750826836 -0.085482225 7.347187996 -0.010841881 -0.703341305 -0.004897190 0.710752726
72.855180 -9.750763893 -0.085648887 7.346705914 -0.010938534 -0.703358710 -0.004887928 0.710734069
72.959210 -9.750669479 -0.085879609 7.346939564 -0.011096646 -0.703420281 -0.004897593 0.710670590
73.063300 -9.751090050 -0.085528024 7.346487522 -0.010989448 -0.703391850 -0.004845015 0.710700810
73.167460 -9.751072884 -0.085707054 7.347123623 -0.011104769 -0.703572452 -0.004839710 0.710520267
73.271730 -9.750907898 -0.085478142 7.346677303 -0.010995530 -0.703447104 -0.004793788 0.710646391
73.375310 -9.750989914 -0.085559562 7.346696377 -0.010980002 -0.703460872 -0.004835597 0.710632682
73.479440 -9.751085281 -0.085774884 7.347371101 -0.011091270 -0.703588009 -0.004864726 0.710504949
73.583460 -9.751293182 -0.085502908 7.346349239 -0.011047632 -0.703421295 -0.004818467 0.710670948
73.687600 -9.751264572 -0.085884348 7.346561432 -0.011147884 -0.703461528 -0.004877383 0.710629165
73.791560 -9.750930786 -0.085940853 7.347079754 -0.011124366 -0.703533888 -0.004937062 0.710557461
73.895660 -9.750861168 -0.085962251 7.346981525 -0.011117934 -0.703517258 -0.004879687 0.710574448
73.999560 -9.751128197 -0.085882001 7.347626686 -0.011033818 -0.703618169 -0.004917151 0.710475564
74.103680 -9.751135826 -0.085811518 7.346547127 -0.011067796 -0.703475595 -0.004917068 0.710616231
74.207700 -9.750971794 -0.085821033 7.347424030 -0.011081544 -0.703595638 -0.004887010 0.710497379
74.311710 -9.751129150 -0.085969396 7.347002029 -0.011035680 -0.703536570 -0.004910891 0.710556388
74.415680 -9.750941277 -0.085501514 7.346786022 -0.010983059 -0.703500152 -0.004801703 0.710593998
74.519800 -9.750749588 -0.085789427 7.347278595 -0.010921177 -0.703887701 -0.004865144 0.710210621
74.623890 -9.751296043 -0.085932545 7.347476482 -0.010775823 -0.704790950 -0.004836898 0.709316671
74.727840 -9.752085686 -0.086043321 7.347505093 -0.010375115 -0.705497086 -0.004989038 0.708619297
74.831850 -9.753186226 -0.086166017 7.346745968 -0.010315471 -0.706583500 -0.005048095 0.707536459
74.935850 -9.755284309 -0.085544631 7.346439362 -0.010234513 -0.708409429 -0.004876061 0.705710649
75.039850 -9.756995201 -0.085627005 7.346221447 -0.010233031 -0.710492313 -0.004912362 0.703613400
75.143810 -9.759435654 -0.085486002 7.344403744 -0.010014190 -0.712483585 -0.005184447 0.701598108
75.247810 -9.761217117 -0.085308522 7.343694210 -0.010045485 -0.715204000 -0.005248113 0.698823810
75.351710 -9.764428139 -0.085616492 7.342154026 -0.009822800 -0.718276858 -0.005426071 0.695666909
75.455730 -9.767255783 -0.085384704 7.342536449 -0.009955622 -0.721692443 -0.005427082 0.692120969
75.559590 -9.770520210 -0.085425906 7.340143204 -0.009905312 -0.725157499 -0.005708017 0.688488126
75.663570 -9.774661064 -0.085956998 7.337375641 -0.009911115 -0.729056358 -0.005937226 0.684356153
75.767480 -9.779171944 -0.085325941 7.337993622 -0.009796994 -0.733938515 -0.005744286 0.679120958
75.871360 -9.784139633 -0.085991256 7.334682941 -0.009528405 -0.738645732 -0.005718698 0.674002230
75.975180 -9.790358543 -0.084421255 7.334583759 -0.008282224 -0.744462788 -0.005124721 0.667592824
76.079100 -9.796837807 -0.084705561 7.332462788 -0.007222906 -0.750307977 -0.004856045 0.661031127
76.182950 -9.804016113 -0.085711934 7.327493191 -0.006810389 -0.755894005 -0.005431024 0.654636085
76.286810 -9.814517021 -0.084934495 7.324517727 -0.006847372 -0.762013018 -0.005817206 0.647499382
76.390670 -9.826354027 -0.084526427 7.320192814 -0.007782951 -0.768188298 -0.005918879 0.640149355
76.495070 -9.839097023 -0.084891319 7.316928387 -0.009001910 -0.775032103 -0.006082085 0.631828487
76.598340 -9.853720665 -0.084700897 7.311929703 -0.009200566 -0.782441974 -0.007033039 0.622615814
76.702070 -9.867546082 -0.084391944 7.305470467 -0.009681491 -0.789823055 -0.008730138 0.613196194
76.805830 -9.883276939 -0.084175631 7.298985481 -0.010686758 -0.797519386 -0.009467963 0.603124321
76.909690 -9.900568962 -0.083578005 7.291964054 -0.011584013 -0.805477858 -0.009394090 0.592438102
77.013440 -9.915989876 -0.083789468 7.284086704 -0.013048828 -0.813693285 -0.010178883 0.581058741
77.117090 -9.933683395 -0.083213851 7.275591850 -0.014654235 -0.822675526 -0.010983545 0.568216264
77.220840 -9.951971054 -0.082908027 7.265272617 -0.015412543 -0.832232714 -0.011535577 0.554092169
77.324460 -9.970612526 -0.082157150 7.253925323 -0.015600370 -0.842673481 -0.011037871 0.538085639
77.428190 -9.990638733 -0.081619397 7.240243912 -0.014405802 -0.853706658 -0.010899808 0.520440757
77.531820 -10.011160851 -0.081450216 7.225102901 -0.012810834 -0.865317583 -0.011120128 0.500936806
77.635430 -10.034221649 -0.080344729 7.206471443 0.012086224 0.877366841 0.010722523 -0.479548067
77.739080 -10.058744431 -0.080466032 7.185658455 0.013528340 0.889688909 0.009103450 -0.456276000
77.842690 -10.084645271 -0.078922667 7.162220955 0.014277006 0.901722252 0.006753054 -0.432027191
77.946530 -10.110926628 -0.078429371 7.135222912 0.014141055 0.912945032 0.005616395 -0.407798737
78.050250 -10.137833595 -0.077992126 7.104875088 0.014263375 0.923497081 0.005692982 -0.383297920
78.153970 -10.165429115 -0.076509677 7.068466187 0.015083838 0.933252335 0.005305887 -0.358865470
78.257840 -10.193010330 -0.075487621 7.029377937 0.016281977 0.942497849 0.005950622 -0.333762258
78.361560 -10.220088005 -0.074570343 6.986294270 0.016778365 0.951073766 0.007682701 -0.308412343
78.465430 -10.246118546 -0.073699251 6.940312862 0.018840032 0.959029019 0.009749742 -0.282512397
78.569310 -10.271508217 -0.072219156 6.891203403 0.021810502 0.966378272 0.011410642 -0.255943507
78.673060 -10.294604301 -0.071081497 6.838597775 0.024259172 0.972975373 0.012946961 -0.229265869
78.776930 -10.316515923 -0.069672368 6.781720638 0.025592398 0.978785098 0.014644446 -0.202756733
78.880800 -10.335620880 -0.067280203 6.721578121 0.026859343 0.983713329 0.015752196 -0.177026927
78.984860 -10.353878021 -0.065543450 6.658164024 0.028143223 0.987860978 0.016520891 -0.151873842
79.088830 -10.369210243 -0.063517623 6.592082500 0.029764207 0.991092384 0.015730212 -0.128850833
79.192960 -10.382770538 -0.061457049 6.521672726 0.029845424 0.993519008 0.014811054 -0.108672887
79.297060 -10.394234657 -0.059861679 6.448621273 0.029113613 0.995256126 0.014263599 -0.091728710
79.401310 -10.404473305 -0.057363607 6.372049332 0.028373199 0.996464372 0.012601611 -0.078070052
79.505690 -10.412798882 -0.056017365 6.292505741 0.028573986 0.997235239 0.011506939 -0.067624331
79.610070 -10.422204971 -0.054033853 6.209332466 0.028784378 0.997781098 0.010975938 -0.059024375
79.714470 -10.430818558 -0.052543368 6.124338627 0.029682374 0.998183966 0.010124438 -0.051431820
79.818800 -10.437705994 -0.051833026 6.036776066 0.030733980 0.998492956 0.008988807 -0.044569582
79.923050 -10.444170952 -0.051008113 5.947245598 0.031281818 0.998795509 0.006993740 -0.037149560
80.027420 -10.448392868 -0.049635194 5.854287624 0.031090556 0.999043882 0.005217760 -0.030289529
80.131680 -10.451775551 -0.049228922 5.759138584 0.029450933 0.999263406 0.004887895 -0.024111837
80.235930 -10.454952240 -0.049003873 5.661149025 0.027559051 0.999421895 0.004958172 -0.019281587
80.340300 -10.456520081 -0.048826277 5.561021328 0.025127074 0.999531269 0.004975032 -0.016766734
80.444550 -10.458390236 -0.048550550 5.458876133 0.023879753 0.999579906 0.004874226 -0.015683401
80.548940 -10.460454941 -0.048308928 5.353370190 0.023538891 0.999588072 0.005522563 -0.015462774
80.653190 -10.462932587 -0.047134589 5.245212078 0.023866663 0.999586105 0.005863169 -0.014951841
80.757320 -10.466178894 -0.046477500 5.136234283 0.024328908 0.999597013 0.006106137 -0.013290401
80.861430 -10.468301773 -0.045529209 5.024092197 0.024667788 0.999614656 0.006109345 -0.011169227
80.965550 -10.469951630 -0.045149814 4.909670353 0.024553247 0.999641120 0.005858616 -0.008969936
81.069680 -10.471555710 -0.044012509 4.792798042 0.024344841 0.999665499 0.005560599 -0.006732663
81.173790 -10.472145081 -0.043276228 4.675464153 0.023943216 0.999689102 0.005629920 -0.004086915
81.277810 -10.472661972 -0.043385569 4.555026531 0.024479635 0.999675274 0.006939351 -0.001373416
81.381810 -10.471832275 -0.042611729 4.432937145 0.025300590 0.999640107 0.008852118 0.001067645
81.485930 -10.470944405 -0.042389207 4.309450626 0.025381904 0.999621928 0.010055800 0.003270395
81.589930 -10.469710350 -0.041408401 4.184760571 0.025489897 0.999617755 0.009857961 0.004173629
81.694050 -10.467629433 -0.040653475 4.058979034 0.024728613 0.999646604 0.008884126 0.004028085
81.798060 -10.466696739 -0.039173912 3.930956602 0.024596769 0.999653101 0.008754942 0.003468519
81.902180 -10.465069771 -0.038538314 3.802684784 0.025047295 0.999633014 0.009908544 0.002881686
82.006180 -10.464674950 -0.038176440 3.674298286 0.025899943 0.999599695 0.011058846 0.002707543
82.110180 -10.464102745 -0.036989011 3.546130657 0.026749400 0.999572277 0.011561946 0.002447268
82.214180 -10.462639809 -0.036585484 3.418957233 0.026572859 0.999572337 0.012029956 0.002069822
82.318180 -10.461169243 -0.036091547 3.291935682 0.026682407 0.999569297 0.012110817 0.001615120
82.422200 -10.459993362 -0.035965726 3.164958239 0.026245520 0.999587774 0.011543437 0.001472952
82.526180 -10.459402084 -0.034987997 3.038028002 0.026284572 0.999601066 0.010270267 0.001161300
82.630180 -10.459712029 -0.034375396 2.910377264 0.026082251 0.999607265 0.010177704 0.001199189
82.734050 -10.457826614 -0.033522267 2.783557653 0.025763778 0.999603868 0.011312583 0.000611695
82.838070 -10.457468033 -0.033244327 2.656419039 0.025929635 0.999588847 0.012232040 0.000421041
82.942060 -10.456727028 -0.033732168 2.531241894 0.025653506 0.999600589 0.011855518 0.000255529
83.046050 -10.456885338 -0.032927226 2.404526472 0.025673667 0.999611795 0.010819054 0.000083607
83.149930 -10.456201553 -0.032529425 2.278293848 0.025892688 0.999615550 0.009911631 -0.000231090
83.253960 -10.454803467 -0.032794606 2.151846170 0.025117811 0.999621153 0.011242077 -0.000508367
83.357930 -10.455037117 -0.032089751 2.026455164 0.024735432 0.999610066 0.012946474 -0.000522432
83.461930 -10.454389572 -0.031270877 1.900533080 0.023924610 0.999613464 0.014137548 -0.000818148
83.565930 -10.453142166 -0.029994955 1.775499463 0.022753181 0.999650776 0.013401203 -0.001014870
83.669810 -10.452660561 -0.029645510 1.651985407 0.022525936 0.999663591 0.012800797 -0.001163773
83.773690 -10.452382088 -0.029381497 1.526302576 0.022416363 0.999667764 0.012660312 -0.001245015
83.877560 -10.450651169 -0.028333310 1.402207971 0.021922778 0.999671757 0.013166363 -0.001550738
83.981560 -10.450168610 -0.027869286 1.277416825 0.022385674 0.999652147 0.013839003 -0.001700825
84.085580 -10.450599670 -0.026888832 1.150773644 0.022922605 0.999642491 0.013659161 -0.001680127
84.189660 -10.450453758 -0.025291320 1.026855230 0.024131276 0.999630094 0.012401315 -0.001866859
84.293370 -10.451831818 -0.025315989 0.903227031 0.025270185 0.999609232 0.011858740 -0.001476727
84.397140 -10.451489449 -0.024656948 0.778930008 0.026585665 0.999573290 0.012074194 -0.000815076
84.500970 -10.450447083 -0.024158835 0.654301822 0.026829557 0.999558985 0.012728301 0.000208962
84.604690 -10.451106071 -0.023992974 0.532682300 0.027186802 0.999539673 0.013300301 0.002112694
84.708560 -10.449451447 -0.022926593 0.410087496 0.026661910 0.999546707 0.013496986 0.003649994
84.812320 -10.447387695 -0.022654269 0.288122475 0.025434753 0.999575496 0.013224523 0.005193951
84.916060 -10.444668770 -0.022222735 0.167225555 0.024747767 0.999597490 0.012365970 0.006287007
85.020090 -10.442142487 -0.021424050 0.045105584 0.024528293 0.999593258 0.012339878 0.007705139
85.123720 -10.438946724 -0.019845475 -0.075476281 0.024358986 0.999588609 0.012569626 0.008443058
85.227440 -10.437352180 -0.019281806 -0.197475418 0.024513822 0.999565542 0.013105710 0.009802043
85.331180 -10.434056282 -0.018715199 -0.318104208 0.024476858 0.999552369 0.013544888 0.010604871
85.435100 -10.431007385 -0.017783528 -0.439509571 0.024242876 0.999543488 0.014048073 0.011303836
85.538870 -10.426589012 -0.017098024 -0.559328854 0.023531452 0.999554455 0.014328010 0.011481836
85.642600 -10.422531128 -0.016238810 -0.678847969 0.023261549 0.999559104 0.014642050 0.011228135
85.746450 -10.419061661 -0.014807216 -0.799657941 0.021375576 0.999613166 0.014154356 0.010780299
85.850400 -10.417798042 -0.013568254 -0.917054474 0.022138121 0.999603391 0.013929422 0.010438585
85.954220 -10.414407730 -0.012616400 -1.036951661 0.022530651 0.999602437 0.014001763 0.009551993
86.058060 -10.412767410 -0.011203837 -1.156774044 0.024326727 0.999576151 0.013530842 0.008517868
86.161940 -10.411525726 -0.010465872 -1.274640083 0.025702013 0.999556839 0.013016506 0.007484699
86.266420 -10.410774231 -0.009940563 -1.393594146 0.027436120 0.999522746 0.012566608 0.006603319
86.369740 -10.407318115 -0.009353687 -1.513419986 0.027745830 0.999517500 0.013135612 0.004731545
86.473600 -10.405841827 -0.009292519 -1.631851673 0.028104862 0.999498188 0.014119017 0.003756691
86.577490 -10.406134605 -0.007144480 -1.752066255 0.027343487 0.999514580 0.014634067 0.002969250
86.681310 -10.403635979 -0.006703134 -1.868214250 0.026958754 0.999523640 0.014960937 0.001370675
86.785510 -10.402878761 -0.005774200 -1.986752510 0.025999602 0.999558687 0.014366545 0.000288348
86.889090 -10.402226448 -0.004650835 -2.104344606 0.025512600 0.999588668 0.013080637 -0.000731585
86.992950 -10.402255058 -0.003666427 -2.220570803 0.025259860 0.999612689 0.011576257 -0.001570106
87.096690 -10.401993752 -0.003294581 -2.336851835 0.025671219 0.999609590 0.010732412 -0.002529501
87.200570 -10.402564049 -0.002585125 -2.454711676 0.025598545 0.999612868 0.010514405 -0.002869674
87.304430 -10.402946472 -0.001712095 -2.571633101 0.025913322 0.999596417 0.011177892 -0.003241711
87.408330 -10.404220581 -0.001451839 -2.688646555 0.025743866 0.999583781 0.012685183 -0.002932186
87.512180 -10.403657913 0.000009098 -2.805383205 0.024452940 0.999608099 0.013344822 -0.002765489
87.616060 -10.402681351 0.000555526 -2.922415495 0.022768857 0.999639094 0.014034752 -0.002507150
87.719790 -10.402109146 0.001228703 -3.038344145 0.020392891 0.999691308 0.014028907 -0.002157267
87.823570 -10.400898933 0.002457855 -3.155398607 0.018759115 0.999728024 0.013696044 -0.002094644
87.927320 -10.401035309 0.003722139 -3.271593332 0.016791347 0.999767005 0.013455573 -0.001717606
88.031060 -10.401357651 0.004341051 -3.387829542 0.016593924 0.999780297 0.012734388 -0.001359811
88.135050 -10.401149750 0.005289322 -3.503490210 0.015748966 0.999805689 0.011816111 -0.000944834
88.238710 -10.401353836 0.005417583 -3.619376421 0.016476780 0.999797344 0.011550340 -0.000580524
88.342600 -10.401420593 0.006948511 -3.735639095 0.018238524 0.999737740 0.013846625 -0.000240092
88.446330 -10.401635170 0.007826396 -3.852200031 0.019345034 0.999675214 0.016586268 0.000306446
88.550190 -10.400700569 0.009500064 -3.967880011 0.020559769 0.999646902 0.016813394 0.000807615
88.653930 -10.400122643 0.011341571 -4.084045887 0.021618307 0.999659657 0.014550119 0.001236818
88.757820 -10.399736404 0.012734784 -4.199682713 0.022190835 0.999672413 0.012649754 0.001599254
88.861690 -10.398991585 0.013116767 -4.315427303 0.021797027 0.999687791 0.012071118 0.001873115
88.965560 -10.397955894 0.013783204 -4.430959225 0.021900313 0.999687552 0.011877353 0.002026957
89.069450 -10.396711349 0.013267410 -4.546164989 0.022343814 0.999677539 0.011868447 0.002179877
89.173320 -10.396239281 0.014043691 -4.660936832 0.023351140 0.999669135 0.010568558 0.002148604
89.277420 -10.395058632 0.013539618 -4.775087357 0.024775803 0.999647796 0.009310032 0.001928624
89.381180 -10.394036293 0.014251091 -4.889625549 0.025581900 0.999632537 0.008843372 0.001467945
89.485130 -10.393514633 0.014326123 -5.003934383 0.026878206 0.999590397 0.009770064 0.001057436
89.588990 -10.393294334 0.014002722 -5.117040157 0.027477296 0.999552488 0.011798728 0.000765437
89.692870 -10.391851425 0.014139467 -5.230391502 0.027583035 0.999540567 0.012560188 0.000130491
89.796830 -10.392630577 0.015316347 -5.344668865 0.026807906 0.999570549 0.011830403 -0.000247902
89.900710 -10.391959190 0.016543662 -5.457715511 0.025658160 0.999610603 0.010932791 -0.000852826
90.004580 -10.390994072 0.016912948 -5.571109295 0.025301795 0.999614596 0.011311342 -0.001587396
90.108700 -10.391345978 0.017083870 -5.681823254 0.025107618 0.999605417 0.012429955 -0.002035970
90.212510 -10.391130447 0.018166980 -5.794886589 0.025150463 0.999595284 0.013007342 -0.002743719
90.316520 -10.391478539 0.018712895 -5.907271862 0.025843022 0.999577761 0.012869980 -0.003294098
90.420320 -10.392607689 0.019165086 -6.018128395 0.025977366 0.999573827 0.012885227 -0.003354148
90.524330 -10.392382622 0.020372955 -6.127532959 0.025633097 0.999582410 0.012756083 -0.003904171
90.628220 -10.392627716 0.021326473 -6.237219810 0.024669897 0.999594986 0.013538596 -0.004241953
90.732220 -10.393766403 0.021739891 -6.343587399 0.024216723 0.999599874 0.013870105 -0.004607083
90.836200 -10.394020081 0.022364244 -6.448094368 0.023989286 0.999600410 0.014071526 -0.005047900
90.940100 -10.394795418 0.023320543 -6.550814152 0.023345333 0.999604464 0.014750314 -0.005326653
91.044070 -10.394750595 0.023559017 -6.651563644 0.022751665 0.999603450 0.015659582 -0.005482271
91.148110 -10.396042824 0.024600772 -6.750111103 0.023292016 0.999593437 0.015695587 -0.004905090
91.251940 -10.397084236 0.026085373 -6.845500946 0.023250327 0.999612153 0.014894116 -0.003625051
91.355930 -10.396137238 0.027520468 -6.938712120 0.023130761 0.999628067 0.014268089 -0.002247661
91.459820 -10.395665169 0.028190199 -7.029849052 0.022007260 0.999655843 0.014277423 -0.000224439
91.563820 -10.394782066 0.028989930 -7.118852139 0.021004738 0.999680817 0.013881748 0.002095138
91.667690 -10.393174171 0.029440448 -7.204735279 0.020865005 0.999686062 0.013080390 0.004616098
91.771700 -10.392148018 0.030172898 -7.288496017 0.021470966 0.999661267 0.012174256 0.008255851
91.875570 -10.390160561 0.031293347 -7.370126724 0.022477916 0.999604702 0.010940895 0.012862017
91.979540 -10.386232376 0.030614529 -7.448655128 0.023321625 0.999510050 0.010035835 0.018305050
92.083700 -10.381016731 0.029726885 -7.525238514 0.023094596 0.999390304 0.009893767 0.024243249
92.187280 -10.374791145 0.029497176 -7.599248886 0.023082960 0.999222040 0.009485303 0.030536333
92.291780 -10.368806839 0.028998183 -7.669898987 0.023441654 0.998973131 0.009906917 0.037484393
92.394820 -10.361494064 0.028682267 -7.738320827 0.023871733 0.998632312 0.010718164 0.045263067
92.498710 -10.352521896 0.028410407 -7.803453445 0.023303781 0.998233438 0.010649287 0.053605027
92.607140 -10.342520714 0.028254220 -7.866388321 0.021939836 0.997719705 0.009797202 0.063071288
92.706330 -10.330978394 0.027556740 -7.928668976 0.020421438 0.997071505 0.009295656 0.073109493
92.812670 -10.319234848 0.027713636 -7.989005566 0.020765396 0.996211469 0.009231431 0.083941750
92.913890 -10.306058884 0.027130743 -8.048131943 0.020357145 0.995186687 0.009561010 0.095381536
93.017610 -10.290882111 0.026398530 -8.105381012 0.019544842 0.993982494 0.009493832 0.107362129
93.121320 -10.275161743 0.025809862 -8.161116600 0.019188859 0.992447019 0.009038115 0.120826192
93.225060 -10.256976128 0.025286891 -8.214129448 0.018690709 0.990527928 0.007732011 0.135813341
93.328690 -10.238146782 0.024998818 -8.266250610 0.019397831 0.988007307 0.005878808 0.153071120
93.432440 -10.217300415 0.024353551 -8.317883492 0.020144004 0.984828889 0.004604478 0.172293425
93.536240 -10.195656776 0.023075204 -8.366195679 0.022033351 0.980809867 0.005143818 0.193649262
93.639690 -10.170552254 0.022021381 -8.414488792 0.023120757 0.975638807 0.006485395 0.218065009
93.743290 -10.142099380 0.021635957 -8.459895134 0.021798015 0.969709873 0.006651758 0.243193939
93.847210 -10.112008095 0.019230144 -8.503185272 0.019648040 0.963128090 0.005897712 0.268259883
93.950650 -10.079991341 0.018273406 -8.543609619 0.018855428 0.955758750 0.004269156 0.293515533
94.054400 -10.047532082 0.017373338 -8.583763123 0.020272406 0.947488844 0.003039160 0.319131225
94.158110 -10.012747765 0.016417416 -8.623282433 0.022397546 0.938656509 0.002765000 0.344114363
94.261830 -9.973893166 0.014940919 -8.659803391 0.019734304 0.929440975 0.002626622 0.368433326
94.365720 -9.933301926 0.014260519 -8.692702293 0.014907440 0.919686794 0.001486053 0.392366797
94.469450 -9.890084267 0.012941249 -8.724983215 0.011658849 0.909147501 0.001448009 0.416308463
94.573250 -9.845660210 0.011570995 -8.756162643 0.010243922 0.897901535 0.004305439 0.440056056
94.677090 -9.799884796 0.011163039 -8.784221649 0.009805636 0.886297405 0.007376031 0.462953895
94.780820 -9.752565384 0.010605300 -8.807340622 0.006783253 0.874418020 0.008978321 0.485042840
94.884790 -9.702381134 0.009747772 -8.828386307 0.000278830 0.861976802 0.008667085 0.506873548
94.988570 -9.651587486 0.009283365 -8.848012924 -0.001582869 0.849054933 0.008447455 0.528234661
95.092440 -9.601073265 0.008871466 -8.866553307 -0.001116889 0.835721433 0.007446413 0.549102008
95.196460 -9.548985481 0.008991458 -8.883077621 0.000002341 0.823245168 0.006848503 0.567644715
95.300440 -9.494707108 0.008678662 -8.898175240 0.000268069 0.811659515 0.006468863 0.584094882
95.404570 -9.439172745 0.008805219 -8.910050392 -0.001920700 0.800664186 0.004555823 0.599092960
95.508570 -9.382866859 0.008541579 -8.920832634 -0.003791420 0.790307701 0.002464772 0.612693489
95.612820 -9.324779510 0.008535656 -8.931458473 -0.004130079 0.781588137 0.001787873 0.623778582
95.717080 -9.265107155 0.008301061 -8.941397667 -0.004894461 0.774616778 0.001579080 0.632410109
95.821210 -9.204500198 0.007390369 -8.951039314 -0.005182195 0.767926693 0.002223080 0.640512943
95.925440 -9.142609596 0.007270504 -8.960201263 -0.003863736 0.761986732 0.002756902 0.647575259
96.029700 -9.078853607 0.006853422 -8.968708038 -0.002988732 0.757142842 0.002477278 0.653237820
96.133950 -9.013838768 0.006614265 -8.976104736 -0.002939006 0.752605319 0.001725647 0.658463120
96.238190 -8.945691109 0.006216535 -8.982796669 -0.003119869 0.747768819 0.001075541 0.663950920
96.342320 -8.875493050 0.006130541 -8.988588333 -0.002689023 0.743397534 0.001282113 0.668843210
96.446460 -8.802347183 0.006001060 -8.994235992 -0.002224255 0.738766909 0.001445245 0.673955798
96.550570 -8.726848602 0.005170153 -8.999076843 -0.001560869 0.733971536 0.002403190 0.679174185
96.654710 -8.649937630 0.005310967 -9.002723694 -0.001121881 0.729615986 0.002087922 0.683853030
96.758950 -8.570096016 0.004767680 -9.005695343 -0.001017212 0.726180494 0.001240756 0.687502265
96.863080 -8.487722397 0.004491128 -9.007720947 -0.001195178 0.723388493 -0.000019056 0.690440238
96.967200 -8.403853416 0.004028898 -9.010087967 -0.000714792 0.721308112 -0.000248665 0.692613900
97.071450 -8.317385674 0.003085519 -9.012605667 -0.000428403 0.719911218 -0.000369270 0.694065869
97.175570 -8.228476524 0.002070339 -9.015634537 -0.000097957 0.718787193 -0.000121910 0.695230126
97.279720 -8.137177467 0.000833604 -9.017069817 -0.000590910 0.717900038 0.000405953 0.696145892
97.383810 -8.045442581 0.000127364 -9.018646240 -0.000492636 0.717114985 0.001467512 0.696953177
97.487940 -7.952332973 -0.000818351 -9.020284653 -0.000951642 0.716032743 0.002780912 0.698060513
97.592070 -7.858519077 -0.001349311 -9.022225380 -0.001372739 0.714913130 0.003925143 0.699200869
97.696240 -7.764244556 -0.002375048 -9.023521423 -0.001945954 0.713803172 0.005031356 0.700325608
97.800340 -7.669689655 -0.003345593 -9.024762154 -0.001948874 0.712622344 0.006346982 0.701516390
97.904320 -7.575626850 -0.003469187 -9.025739670 -0.001165103 0.711471558 0.007402191 0.702674925
98.008320 -7.482081413 -0.003553567 -9.027109146 -0.000370435 0.710170031 0.007970178 0.703984916
98.112320 -7.387268066 -0.004989609 -9.026636124 -0.000440551 0.709025145 0.008142115 0.705136001
98.216470 -7.294275761 -0.006800409 -9.026147842 -0.000346522 0.707976878 0.008457077 0.706184924
98.320320 -7.197103500 -0.006924916 -9.026196480 -0.000397050 0.706752479 0.008119273 0.707414210
98.424320 -7.102555752 -0.007268398 -9.024816513 -0.000562169 0.706177592 0.008079391 0.707988381
98.528320 -7.008733273 -0.009075432 -9.025453568 -0.000854411 0.705582559 0.007992986 0.708582163
98.632320 -6.913463593 -0.008869105 -9.022349358 -0.001100003 0.705627143 0.007609111 0.708541632
98.736320 -6.817968845 -0.009205730 -9.021460533 -0.001326099 0.705528319 0.007446592 0.708641350
98.840320 -6.723258018 -0.009179831 -9.021320343 -0.001080213 0.705358088 0.007830968 0.708807111
98.944340 -6.629478931 -0.009631692 -9.020817757 -0.001451759 0.705271959 0.008046008 0.708889663
99.048200 -6.533091545 -0.011132160 -9.019150734 -0.001915238 0.705209851 0.008914946 0.708939970
99.152220 -6.438095570 -0.010698020 -9.017914772 -0.002026965 0.705225110 0.009047743 0.708922863
99.256070 -6.344592094 -0.011104124 -9.016949654 -0.001958254 0.705193818 0.008914981 0.708955884
99.360070 -6.250340939 -0.011742571 -9.015876770 -0.002343193 0.705306351 0.008428724 0.708848655
99.464100 -6.155959606 -0.011854737 -9.016348839 -0.002021974 0.705350220 0.008125072 0.708809614
99.567940 -6.063015461 -0.012209873 -9.015244484 -0.001351642 0.705835700 0.008626698 0.708321750
99.671950 -5.970386028 -0.012348600 -9.014395714 -0.001493100 0.706358075 0.008252616 0.707804978
99.775950 -5.878629684 -0.013309894 -9.013990402 -0.001588878 0.706764698 0.007956301 0.707402170
99.879940 -5.787999630 -0.013776810 -9.014307976 -0.001192001 0.707116246 0.009275826 0.707035482
99.983820 -5.698448181 -0.014071259 -9.014080048 -0.001079718 0.707512677 0.010268779 0.706625223
100.087800 -5.610273838 -0.014638672 -9.012947083 -0.003159002 0.708023369 0.010272720 0.706107199
100.191800 -5.523995876 -0.015129436 -9.012724876 -0.002979542 0.708422482 0.010457018 0.705704927
100.295700 -5.438387394 -0.014980174 -9.012858391 -0.001197508 0.708631217 0.009853489 0.705509186
100.399700 -5.354927063 -0.015289515 -9.013337135 -0.000165120 0.708744347 0.009040493 0.705407441
100.503700 -5.272817135 -0.016376110 -9.013512611 -0.000218731 0.709071219 0.006876911 0.705103338
100.607700 -5.190313816 -0.016333852 -9.012205124 -0.000640595 0.709296942 0.005074724 0.704891205
100.711600 -5.108842850 -0.018156642 -9.012490273 -0.000718165 0.709320188 0.005080088 0.704867780
100.815600 -5.028105736 -0.018863481 -9.012071609 -0.000674135 0.709678233 0.004711580 0.704509854
100.919600 -4.948354244 -0.019708298 -9.011951447 -0.000405588 0.709828913 0.004119060 0.704361975
101.023600 -4.868830204 -0.020952925 -9.012116432 -0.000558912 0.709808648 0.003327806 0.704386473
101.127400 -4.789474964 -0.021270335 -9.011619568 -0.000873406 0.709850609 0.002298069 0.704347968
101.231500 -4.710872650 -0.022105142 -9.011542320 -0.001116163 0.709843278 0.001787973 0.704356492
101.335400 -4.633100033 -0.023277041 -9.012195587 -0.001266087 0.709469318 0.002270688 0.704731464
101.439300 -4.556223869 -0.024551600 -9.011101723 -0.001199844 0.709442675 0.002899724 0.704756141
101.543300 -4.479545593 -0.025448468 -9.009256363 -0.000989982 0.709465623 0.002999956 0.704732955
101.647200 -4.402036190 -0.027291624 -9.009834290 -0.000768389 0.708849370 0.003151381 0.705352366
101.751200 -4.326107979 -0.028573148 -9.009634018 -0.000173950 0.708352625 0.002979814 0.705852389
101.855100 -4.250032902 -0.029461483 -9.009965897 -0.000121079 0.707666934 0.002435458 0.706541955
101.959100 -4.174309731 -0.030402573 -9.009407043 -0.000083641 0.707025707 0.002141521 0.707184613
102.062900 -4.099931240 -0.030895714 -9.008826256 0.000205811 0.706299782 0.002265143 0.707909226
102.166900 -4.023840427 -0.032767009 -9.008780479 0.000567815 0.705533803 0.002679017 0.708670914
102.270800 -3.949434757 -0.033866964 -9.008312225 0.001129159 0.704906702 0.003549456 0.709290266
102.374800 -3.875230312 -0.034744810 -9.007129669 0.001106620 0.704229176 0.004097692 0.709959984
102.478700 -3.800450087 -0.036122523 -9.006197929 0.000597279 0.703538358 0.004285059 0.710644126
102.582700 -3.726417542 -0.037074059 -9.004834175 0.000146245 0.702948093 0.004480442 0.711227059
102.686600 -3.654642820 -0.038444519 -9.003442764 -0.000305441 0.702303588 0.004763098 0.711861610
102.790600 -3.582329988 -0.039399777 -9.002197266 -0.000641777 0.701788187 0.005032078 0.712367654
102.894400 -3.511677742 -0.039789610 -9.000439644 -0.000564434 0.701577187 0.004986007 0.712575793
102.998500 -3.442521095 -0.040902738 -8.999473572 -0.000744527 0.701415062 0.004976257 0.712735295
103.102400 -3.374437094 -0.041470647 -8.997720718 -0.001292526 0.701801002 0.004489547 0.712357700
103.206500 -3.308130741 -0.042198479 -8.996201515 -0.001434789 0.702362478 0.004030309 0.711806536
103.310300 -3.243170023 -0.043349542 -8.995082855 -0.001587114 0.702826262 0.003944414 0.711348891
103.414300 -3.178861380 -0.044497777 -8.994034767 -0.001468935 0.703277171 0.004169397 0.710901976
103.518300 -3.116320610 -0.045290079 -8.992904663 -0.001191244 0.703865290 0.004071062 0.710320771
103.622300 -3.056056499 -0.045296449 -8.991971016 -0.000924541 0.704401195 0.003414206 0.709793270
103.726300 -2.995954275 -0.046527531 -8.991220474 -0.000931239 0.704801738 0.003548385 0.709394813
103.830300 -2.937854290 -0.047500547 -8.990998268 -0.000975330 0.705162287 0.003575622 0.709036291
103.934300 -2.881079435 -0.048054263 -8.989883423 -0.001144841 0.705638468 0.003324051 0.708563328
104.038400 -2.826519251 -0.048861731 -8.989430428 -0.001195526 0.705952466 0.003642242 0.708248794
104.142300 -2.773422956 -0.049619030 -8.989165306 -0.000930947 0.706369102 0.004070550 0.707831383
104.251000 -2.722889900 -0.051058792 -8.988614082 -0.001167550 0.706732988 0.004811739 0.707463086
104.350600 -2.673679352 -0.051330239 -8.989307404 -0.001769232 0.706932068 0.004935485 0.707261980
104.455200 -2.627303123 -0.052207060 -8.988462448 -0.002500661 0.707233131 0.004988124 0.706958413
104.558200 -2.584062815 -0.052750960 -8.987753868 -0.002739753 0.707632005 0.004521295 0.706561387
104.662200 -2.543196440 -0.052967630 -8.987730026 -0.001977247 0.707963169 0.004497427 0.706232250
104.766200 -2.505579710 -0.053965587 -8.988181114 -0.001648147 0.708094597 0.004642946 0.706100404
104.870200 -2.469413042 -0.054525204 -8.987671852 -0.001323471 0.708445430 0.004593307 0.705749393
104.974200 -2.434158325 -0.054847464 -8.988109589 -0.001241291 0.708499074 0.004405530 0.705696881
105.078600 -2.400689840 -0.055319313 -8.987948418 -0.000723700 0.708673537 0.004060471 0.705524504
105.181900 -2.367748022 -0.056019291 -8.987873077 -0.000033151 0.708869517 0.003551960 0.705330729
105.286000 -2.335630417 -0.056752644 -8.987802505 0.000686810 0.709050000 0.003372391 0.705149770
105.390000 -2.302881718 -0.057043072 -8.987957954 0.000823048 0.709185243 0.003056227 0.705015063
105.494000 -2.270444155 -0.057408914 -8.987868309 0.000461149 0.709224641 0.003140521 0.704975426
105.597900 -2.238365889 -0.058011126 -8.988314629 0.000622332 0.709283352 0.003818329 0.704912841
105.701800 -2.206662416 -0.058968924 -8.988176346 0.000510112 0.709237278 0.004130690 0.704957545
105.805700 -2.174800634 -0.058952838 -8.988204956 0.000653554 0.709382176 0.004151009 0.704811513
105.909700 -2.143411160 -0.059346516 -8.988328934 0.000519169 0.709295273 0.004036842 0.704899728
106.013700 -2.112134457 -0.059832808 -8.988523483 0.000658025 0.709203780 0.004360515 0.704989731
106.117600 -2.081456423 -0.059732307 -8.988504410 0.001262074 0.708837211 0.004543919 0.705356359
106.221500 -2.050795555 -0.060200781 -8.987751007 0.001597313 0.707916975 0.004878065 0.706277013
106.325500 -2.019926310 -0.060858585 -8.987559319 0.001564727 0.706150532 0.005017499 0.708042264
106.429300 -1.989691257 -0.060903605 -8.986282349 0.001577984 0.704070091 0.004743328 0.710112870
106.533200 -1.959369302 -0.061708964 -8.984426498 0.001482822 0.701427579 0.004568276 0.712724566
106.637700 -1.929794192 -0.062155336 -8.982558250 0.001010276 0.698747098 0.004214912 0.715355635
106.741000 -1.899082065 -0.061985083 -8.980498314 0.000350280 0.696710289 0.003273153 0.717345059
106.845000 -1.869639039 -0.062846124 -8.978574753 -0.000011385 0.695044041 0.002829274 0.718961537
106.949400 -1.839603782 -0.063237369 -8.976209641 0.000406261 0.693431079 0.002926536 0.720516860
107.052900 -1.811425447 -0.063826963 -8.976442337 0.001012475 0.691375256 0.003560460 0.722486317
107.156800 -1.781004071 -0.064177215 -8.973919868 0.000529141 0.689939439 0.002857300 0.723861277
107.260700 -1.751758099 -0.064355776 -8.970466614 -0.000260841 0.689365149 0.001913102 0.724411488
107.364700 -1.722219110 -0.064703211 -8.969170570 -0.000829744 0.688997209 0.000893859 0.724762976
107.468800 -1.693338633 -0.065096341 -8.967749596 -0.000752845 0.689365327 0.000780832 0.724413037
107.572800 -1.664793253 -0.065723814 -8.966097832 -0.000675314 0.689952016 0.000987156 0.723854125
107.676800 -1.635548234 -0.067159429 -8.965423584 -0.000770136 0.690500855 0.001552043 0.723329544
107.780900 -1.607926250 -0.067838900 -8.965050697 -0.001123725 0.691116750 0.001582963 0.722740531
107.885000 -1.578926921 -0.067769818 -8.963933945 -0.000775818 0.692168891 0.001755453 0.721733034
107.989000 -1.551280737 -0.067342900 -8.964180946 0.000086223 0.692954779 0.001749458 0.720978975
108.093000 -1.522846937 -0.067883484 -8.962528229 -0.000152640 0.693990469 0.001581541 0.719982386
108.197100 -1.496028185 -0.068801992 -8.961970329 -0.000236706 0.695232809 0.001731811 0.718782425
108.301100 -1.468138814 -0.069070213 -8.961619377 -0.000320436 0.696662009 0.001742699 0.717397273
108.405100 -1.439179778 -0.069208622 -8.960996628 -0.000191011 0.698058188 0.001762003 0.716038823
108.509100 -1.411738396 -0.069834925 -8.961428642 0.000083789 0.699382544 0.001664277 0.714745641
108.613000 -1.380914092 -0.070189722 -8.960861206 0.000649994 0.700969160 0.000835525 0.713190794
108.717000 -1.349457026 -0.070416801 -8.961261749 0.001453298 0.702634275 0.000478299 0.711549520
108.821000 -1.318333507 -0.070954449 -8.961278915 0.001588947 0.704249680 0.000586341 0.709950387
108.925000 -1.284163594 -0.070923649 -8.961997032 0.001809560 0.705863476 0.000830506 0.708345115
109.028800 -1.249092460 -0.072320804 -8.962306023 0.001787123 0.707608759 0.001333519 0.706600964
109.132800 -1.212507844 -0.072310701 -8.964151382 0.002164700 0.709292233 0.002197476 0.704907835
109.236800 -1.174899459 -0.072593398 -8.963843346 0.002371293 0.711304426 0.003274882 0.702872396
109.340700 -1.136909246 -0.072488986 -8.965443611 0.002473017 0.712987721 0.003963759 0.701160967
109.444700 -1.096351027 -0.073441073 -8.966427803 0.002232095 0.714673817 0.004528286 0.699439645
109.548600 -1.055175185 -0.074600175 -8.967097282 0.001770078 0.716301680 0.004862160 0.697771490
109.652600 -1.013528109 -0.074328005 -8.968896866 0.001592604 0.717714012 0.005181661 0.696316838
109.756500 -0.971138954 -0.074419908 -8.971282005 0.001597454 0.719123781 0.005886093 0.694855213
109.860500 -0.927434385 -0.074277245 -8.974676132 0.002574649 0.720162630 0.006615398 0.693768919
109.964400 -0.880983472 -0.076124474 -8.975553513 0.003359302 0.721187651 0.006800773 0.692698181
110.068200 -0.834999442 -0.076919854 -8.977137566 0.004720252 0.721863508 0.006562706 0.691988230
110.172100 -0.788015068 -0.076860510 -8.978358269 0.004943354 0.722454131 0.005013734 0.691383004
110.276000 -0.739129066 -0.077897653 -8.980655670 0.003291386 0.723343194 0.003975788 0.690469444
110.380000 -0.689414978 -0.077873394 -8.982937813 0.001223540 0.725203097 0.002726749 0.688528478
110.484000 -0.639162481 -0.078464679 -8.985855103 0.001827847 0.728184700 0.004139230 0.685366035
110.587800 -0.588968158 -0.079135440 -8.991479874 0.004992804 0.730640411 0.007167018 0.682706594
110.691700 -0.540363669 -0.081100561 -8.996540070 0.008975235 0.731895030 0.009060671 0.681298018
110.795600 -0.491490215 -0.082113422 -8.999823570 0.011178708 0.730558693 0.008621808 0.682703972
110.899200 -0.443655431 -0.083788872 -9.000633240 0.010495845 0.726478100 0.006602364 0.687077701
111.002900 -0.396454543 -0.083344683 -8.998730659 0.009933388 0.720849991 0.003042261 0.693013251
111.106600 -0.350654244 -0.084487207 -8.996644974 0.008481167 0.714713752 -0.000486477 0.699365497
111.210200 -0.303639472 -0.084603675 -8.994895935 0.009129077 0.707866430 -0.001390684 0.706285894
111.314000 -0.258299291 -0.085703999 -8.992216110 0.010285635 0.699607551 0.000232226 0.714453161
111.417700 -0.211752847 -0.086923987 -8.987223625 0.007941080 0.691053748 0.001810541 0.722757459
111.521300 -0.166420624 -0.088134609 -8.980082512 0.004108100 0.681762099 0.002312527 0.731558740
111.625100 -0.123286240 -0.089347683 -8.973258972 0.001025129 0.671850622 0.001855594 0.740683615
111.728700 -0.079300806 -0.089401074 -8.963452339 -0.000351481 0.662251174 0.001621723 0.749280095
111.832500 -0.037049875 -0.090533912 -8.956041336 -0.001805771 0.652837873 0.002543150 0.757491231
111.936400 0.006137034 -0.091491736 -8.947630882 -0.002807596 0.644783854 0.003666186 0.764351010
112.040200 0.047250919 -0.092844687 -8.938117027 -0.005529297 0.639484882 0.003133051 0.768777430
112.144200 0.090315491 -0.093221262 -8.926328659 -0.009173395 0.636615276 0.001782375 0.771124959
112.248300 0.132440060 -0.092854910 -8.917293549 -0.011066331 0.635878086 0.001467307 0.771708786
112.352500 0.176068917 -0.092631482 -8.908421516 -0.011624701 0.637757361 0.000858207 0.770149112
112.456700 0.218206301 -0.091933273 -8.900878906 -0.010500448 0.640950024 0.001665833 0.767508984
112.561000 0.257203192 -0.091791868 -8.896143913 -0.009435401 0.644174039 0.005080493 0.764803886
112.665100 0.292123497 -0.091271207 -8.891290665 -0.009340079 0.647958100 0.006554230 0.761590540
112.769200 0.322004408 -0.091120109 -8.886859894 -0.010254072 0.652085066 0.006626232 0.758047462
112.873300 0.347087771 -0.091638282 -8.884282112 -0.010562378 0.655780554 0.006373932 0.754850745
112.977500 0.367124289 -0.092207193 -8.883225441 -0.010051774 0.659385264 0.006442444 0.751710355
113.081600 0.382711083 -0.091965772 -8.882222176 -0.008643925 0.662477314 0.006788917 0.749001324
113.185700 0.393919796 -0.092219882 -8.881848335 -0.007977101 0.664500892 0.006985365 0.747212231
113.289700 0.401180238 -0.091961585 -8.881817818 -0.007671541 0.665819645 0.006586078 0.746044159
113.393700 0.403954983 -0.091903105 -8.881404877 -0.007380466 0.666462541 0.005960222 0.745478094
113.497700 0.403450608 -0.092118822 -8.880954742 -0.007392108 0.666484952 0.005995292 0.745457709
113.601700 0.402034372 -0.092395589 -8.881394386 -0.006883964 0.666278064 0.004947358 0.745655119
113.705700 0.401481748 -0.093110502 -8.880681992 -0.005179878 0.666528165 0.002818848 0.745456517
113.809700 0.401927739 -0.093813732 -8.880990982 -0.004207629 0.666330993 0.001876157 0.745641828
113.913600 0.401406616 -0.093314737 -8.881297112 -0.004354075 0.666310906 0.002337433 0.745657623
114.017600 0.401242048 -0.093052566 -8.881381989 -0.004551374 0.666370928 0.002644684 0.745601773
114.121600 0.402045757 -0.093136728 -8.881209373 -0.004713153 0.666240811 0.002790871 0.745716572
114.225600 0.401657373 -0.093333177 -8.881065369 -0.005122657 0.666428387 0.002898504 0.745545745
114.329600 0.402022928 -0.093243569 -8.881011009 -0.005139041 0.666376531 0.002864968 0.745592177
