0.519499 -0.000694812 -0.000052084 0.005760601 0.001696983 -0.020896869 -0.001032326 0.999779701
0.623377 -0.000918130 -0.000084829 0.007126261 0.002069264 -0.027564086 -0.000770656 0.999617577
0.727122 -0.008799156 0.000491801 0.019513547 0.002809202 -0.030709015 -0.001460562 0.999523342
0.830874 -0.017249392 0.002373584 0.052123491 0.004894305 -0.035576630 -0.000914676 0.999354541
0.934622 -0.022410884 0.001409232 0.060869299 0.004665537 -0.042681884 0.000176555 0.999077797
1.038404 -0.028058859 0.001211161 0.068556495 0.005063182 -0.051204994 0.000466792 0.998675227
1.142127 -0.003218892 -0.000245759 0.016309759 0.003163243 -0.078259721 -0.001558388 0.996926785
1.245873 -0.032102928 0.000373573 0.084032252 0.006254317 -0.078456417 -0.004363948 0.996888399
1.349627 -0.009983800 0.000493299 0.035594046 0.005909576 -0.103561834 -0.004900656 0.994593382
1.453253 -0.005707969 -0.000366829 0.022500928 0.005169724 -0.119535625 -0.005785595 0.992799580
1.556997 -0.019103214 0.000156369 0.048433330 0.006031186 -0.131278232 -0.006261854 0.991307437
1.660772 -0.014736187 -0.000424083 0.038705170 0.005238041 -0.149506852 -0.007015664 0.988721907
1.764374 -0.017355669 -0.000043048 0.045575086 0.005410180 -0.167327449 -0.007244871 0.985859931
1.868002 -0.009976573 -0.000624373 0.030923182 0.004650813 -0.186826065 -0.010638045 0.982324421
1.971750 -0.012753430 -0.000471368 0.034711234 0.004817752 -0.204190508 -0.012132922 0.978844106
2.075498 -0.014987480 -0.000578945 0.038087200 0.005008003 -0.222828969 -0.013221228 0.974755049
2.179126 -0.017759323 -0.000292450 0.042299196 0.005685732 -0.242781803 -0.010263128 0.970009983
2.282875 -0.016050287 -0.000673828 0.039598282 0.004695938 -0.264065862 -0.008240042 0.964457989
2.386504 -0.017967282 -0.000735779 0.041736785 0.003305685 -0.286739647 -0.008786728 0.957962513
2.490144 -0.020625714 -0.000784719 0.044119757 0.002266183 -0.310730249 -0.011489758 0.950425982
2.593620 -0.022569817 -0.000768743 0.045884736 0.002589436 -0.335995108 -0.013330670 0.941765845
2.697329 -0.024857510 -0.000748847 0.047746856 0.002466721 -0.361934006 -0.012445951 0.932117403
2.800890 -0.027721703 -0.000802393 0.049877472 0.001113087 -0.388267905 -0.010517051 0.921485841
2.904641 -0.030769972 -0.000649897 0.051715482 0.000132632 -0.414285213 -0.007795741 0.910113692
3.008248 -0.033792321 -0.000752270 0.053623766 -0.001092996 -0.440724820 -0.007338525 0.897611618
3.112001 -0.037171975 -0.000951303 0.055162236 -0.003739523 -0.466665983 -0.006671490 0.884400606
3.215751 -0.040829543 -0.000677170 0.056963794 -0.003766838 -0.493724465 -0.006553315 0.869585574
3.319374 -0.044723839 -0.000567017 0.058269456 -0.004207735 -0.519535661 -0.006966136 0.854409993
3.423126 -0.048714705 -0.000448303 0.059838548 -0.005145261 -0.546016693 -0.007141477 0.837728024
3.526893 -0.053363491 -0.000503220 0.060761984 -0.006562860 -0.570268154 -0.007735944 0.821395993
3.630648 -0.057867754 -0.000618605 0.061801065 -0.009692214 -0.594281912 -0.007347513 0.804164827
3.734395 -0.062495295 -0.000671298 0.062925041 -0.011494853 -0.617587447 -0.007659613 0.786380887
3.838251 -0.068495460 -0.000426840 0.063178964 -0.011862671 -0.636658549 -0.006963303 0.771023095
3.942122 -0.073907658 -0.000378736 0.063528009 -0.011270365 -0.655206859 -0.007981731 0.755323231
4.046284 -0.079663739 -0.000146598 0.063298203 -0.010409788 -0.670551658 -0.008545074 0.741740584
4.150266 -0.085468858 0.000328166 0.063170865 -0.007398820 -0.684677660 -0.008959410 0.728753388
4.254380 -0.092423566 0.000055638 0.063324481 -0.008363383 -0.697508037 -0.007927528 0.716484249
4.358512 -0.098967858 0.000163470 0.062980779 -0.007589128 -0.708640277 -0.006705192 0.705497265
4.462646 -0.105385557 0.000257081 0.062595077 -0.007141656 -0.718160868 -0.005924377 0.695815206
4.566885 -0.112093374 0.000484841 0.061883446 -0.004858494 -0.725397170 -0.005780802 0.688289106
4.671250 -0.120128550 0.000681304 0.061205477 -0.004992598 -0.730774879 -0.005482201 0.682578266
4.775500 -0.127112105 0.000629456 0.060245283 -0.005789190 -0.735224307 -0.005501499 0.677776873
4.879959 -0.134816885 0.000845021 0.059718035 -0.005730693 -0.738497853 -0.005862768 0.674205959
4.984250 -0.142625391 0.000852848 0.058617484 -0.005364310 -0.740378141 -0.007375711 0.672128737
5.088502 -0.150133431 0.000933087 0.057906672 -0.006184170 -0.742467105 -0.006834324 0.669819117
5.192878 -0.157714382 0.001013952 0.057230469 -0.007013937 -0.743135333 -0.006907761 0.669068694
5.297154 -0.167828575 0.001023686 0.056375843 -0.008616099 -0.742554605 -0.006800351 0.669695556
5.401501 -0.176886752 0.001148521 0.055174850 -0.008883011 -0.741846383 -0.008248759 0.670460284
5.505749 -0.185973033 0.001194839 0.053186134 -0.007171584 -0.739977181 -0.009753020 0.672523081
5.610008 -0.195912629 0.001193621 0.051713049 -0.006177275 -0.738771617 -0.009095911 0.673866153
5.714253 -0.205993801 0.001763145 0.049996734 -0.005428360 -0.736965895 -0.008301470 0.675857127
5.818377 -0.216097340 0.002370045 0.048572533 -0.006563529 -0.735153675 -0.007794968 0.677823842
5.922523 -0.223757878 0.002851115 0.048930153 -0.005866644 -0.736151636 -0.009565554 0.676723659
6.026772 -0.232855022 0.002734002 0.048648920 -0.004950195 -0.735430002 -0.012285480 0.677471220
6.130876 -0.241217673 0.002861266 0.050160870 -0.005329154 -0.737240314 -0.011075826 0.675518811
6.235023 -0.248656750 0.002850959 0.050702229 -0.005478146 -0.737558484 -0.008613914 0.675206065
6.339025 -0.267423302 0.002932463 0.046975013 -0.005828413 -0.736899495 -0.012109119 0.675868690
6.443143 -0.274299920 0.002932080 0.045754921 -0.005052661 -0.736101389 -0.014687483 0.676693082
6.547271 -0.278502703 0.001777977 0.044497512 -0.007237524 -0.735585511 -0.015752630 0.677210093
6.651280 -0.288252085 0.001589930 0.043196771 -0.007008566 -0.734564841 -0.017705981 0.678271234
6.755380 -0.311367333 0.003275010 0.043026727 -0.007145651 -0.735145569 -0.012123841 0.677763224
6.859377 -0.321100622 0.002468696 0.042202972 -0.005860723 -0.735284567 -0.009528319 0.677666247
6.963378 -0.330160111 0.002930809 0.041230537 -0.006425744 -0.735580623 -0.005019969 0.677388132
7.067377 -0.340447396 0.003112524 0.039659414 -0.004974770 -0.734894872 -0.006793930 0.678128779
7.171256 -0.350006431 0.003197541 0.039066043 -0.006137870 -0.735245585 -0.009990602 0.677699387
7.275272 -0.356857151 0.002685300 0.038027916 -0.008829702 -0.735747695 -0.013826510 0.677057028
7.379272 -0.380376756 0.004114802 0.037207097 -0.011141121 -0.735499263 -0.014413536 0.677280545
7.483251 -0.382331103 0.003976864 0.036113877 -0.011124223 -0.735406339 -0.014929165 0.677370608
7.587271 -0.401068479 0.004062968 0.035139449 -0.010855716 -0.735875189 -0.013328098 0.676898956
7.691129 -0.412111074 0.005315285 0.033979885 -0.008774315 -0.735815585 -0.011398572 0.677029192
7.795131 -0.426638871 0.004531603 0.033359703 -0.008817077 -0.736146390 -0.013803009 0.676624119
7.899003 -0.437666327 0.008671826 0.038446907 -0.005492224 -0.739141166 -0.011601187 0.673428237
8.003004 -0.445006639 0.005400515 0.033431876 -0.008293413 -0.736952543 -0.013322636 0.675762296
8.107005 -0.457906455 0.004995304 0.033534706 -0.006540529 -0.737600148 -0.012839381 0.675083995
8.211004 -0.469101191 0.005804107 0.033387695 -0.003205274 -0.737857997 -0.012761606 0.674827695
8.315006 -0.480042368 0.006690168 0.032819770 -0.001548159 -0.737979949 -0.012286669 0.674708962
8.418880 -0.491269976 0.005988459 0.030623950 -0.003348041 -0.737013936 -0.013342398 0.675737560
8.522877 -0.498282611 0.005376841 0.028450750 -0.007210345 -0.736161232 -0.014775607 0.676606476
8.626899 -0.519333065 0.005817180 0.025342463 -0.009755277 -0.735053360 -0.016481772 0.677738726
8.730751 -0.529714763 0.005479108 0.023758387 -0.011019485 -0.734458089 -0.018476613 0.678312957
8.834756 -0.541364789 0.006803642 0.023624651 -0.009724401 -0.734984159 -0.017919386 0.677777708
8.938756 -0.551017582 0.006837824 0.022324590 -0.008347948 -0.735355854 -0.016451137 0.677430034
9.042758 -0.561169624 0.007158692 0.021412263 -0.007853568 -0.735188782 -0.014019084 0.677671909
9.146631 -0.571653962 0.007333199 0.019943381 -0.005338477 -0.734830737 -0.014910504 0.678065598
9.250652 -0.583121777 0.006386510 0.018017706 -0.004514790 -0.734802902 -0.015933480 0.678078473
9.354505 -0.595731139 0.006653030 0.017035548 -0.004614388 -0.734757423 -0.013692501 0.678176045
9.458529 -0.610869348 0.007046608 0.017387195 -0.003764941 -0.735741735 -0.011592638 0.677152514
9.562503 -0.621052623 0.006669953 0.016015088 -0.004461305 -0.735912263 -0.010289016 0.676984012
9.666385 -0.631785631 0.006718704 0.015638730 -0.005913302 -0.737328947 -0.010540983 0.675425768
9.770380 -0.643849730 0.006922321 0.015255039 -0.010239770 -0.738193572 -0.009487558 0.674444497
9.874249 -0.654507101 0.007178353 0.014397615 -0.011861850 -0.739491701 -0.008137525 0.673012018
9.978133 -0.665032268 0.006636785 0.013022492 -0.013455578 -0.739634931 -0.008397890 0.672821403
10.082130 -0.675139427 0.007226669 0.011127300 -0.008317623 -0.738975525 -0.011310554 0.673585951
10.186010 -0.687911749 0.007588175 0.009877082 -0.004448644 -0.738952816 -0.013738736 0.673602343
10.290010 -0.698678434 0.007685499 0.008409583 -0.002277552 -0.738684773 -0.014910979 0.673882246
10.393880 -0.709252894 0.008207692 0.007346332 -0.002581599 -0.738947392 -0.014740470 0.673596919
10.497760 -0.719803572 0.007991511 0.006119219 -0.002193569 -0.739499032 -0.015791502 0.672968745
10.601750 -0.730337799 0.008087093 0.005141751 -0.000712919 -0.739762783 -0.016694248 0.672660291
10.705630 -0.736003637 0.009014401 0.005240063 0.001224262 -0.740589619 -0.018436592 0.671703517
10.809650 -0.753459394 0.008310484 0.002943211 -0.003286408 -0.740619779 -0.016351519 0.671717286
10.913510 -0.763638377 0.008578757 0.001959492 -0.005208732 -0.740934253 -0.016035860 0.671365857
11.017510 -0.774030626 0.008848299 0.000880187 -0.006537816 -0.741170347 -0.017184447 0.671065152
11.121380 -0.783638716 0.009183952 -0.001285649 -0.007551540 -0.740778327 -0.017590728 0.671476722
11.225380 -0.790241897 0.011444141 -0.001910086 -0.004503962 -0.741137981 -0.018825481 0.671073616
11.329280 -0.801159322 0.009413266 -0.005217732 -0.006705247 -0.740408242 -0.017608648 0.671893299
11.433260 -0.811733544 0.008847705 -0.006622555 -0.007143272 -0.740317523 -0.014939159 0.672053337
11.537150 -0.822789788 0.008593041 -0.004677780 -0.005094684 -0.741383553 -0.016551888 0.670858026
11.641130 -0.831895471 0.008854719 -0.005155833 -0.002490221 -0.741373122 -0.017357048 0.670863926
11.745130 -0.841327071 0.009653202 -0.007240567 -0.000665946 -0.739600956 -0.018071480 0.672802687
11.849140 -0.849454045 0.008567561 -0.006503975 -0.004227858 -0.739993513 -0.016371518 0.672401428
11.953260 -0.864404202 0.008936952 -0.007843096 -0.004220003 -0.737407327 -0.016123425 0.675242662
12.057260 -0.869782269 0.008983051 -0.010484217 -0.004829558 -0.734158456 -0.016811555 0.678752899
12.161380 -0.879023612 0.008022008 -0.011735179 -0.007294856 -0.730910301 -0.016105719 0.682244539
12.265510 -0.890101135 0.007812740 -0.010011180 -0.006912335 -0.727786958 -0.018278569 0.685524762
12.369630 -0.897141218 0.007292804 -0.009088542 -0.007747351 -0.724105775 -0.018888244 0.689386666
12.473910 -0.905250013 0.007801021 -0.010064383 -0.006496678 -0.717184663 -0.020674177 0.696546078
12.578130 -0.913161516 0.009791278 -0.010317740 -0.003783699 -0.708909392 -0.020875758 0.704980373
12.682390 -0.921934307 0.009634461 -0.010114213 -0.004776806 -0.699360549 -0.020690933 0.714453518
12.786780 -0.925573826 0.008318900 -0.011715449 -0.008029575 -0.687908947 -0.019160040 0.725499630
12.891130 -0.935145915 0.010321092 -0.008403813 -0.005041332 -0.677305579 -0.017917749 0.735466301
12.995510 -0.941265821 0.010052849 -0.007167410 -0.005832497 -0.663404465 -0.017520538 0.748033106
13.099880 -0.947272718 0.009830026 -0.006920172 -0.006414004 -0.646722794 -0.017533408 0.762496591
13.204380 -0.953058481 0.009946475 -0.005041752 -0.007312790 -0.629415274 -0.017313590 0.776841760
13.308760 -0.958571613 0.009848386 -0.003467101 -0.008662077 -0.609743774 -0.015409110 0.792401493
13.413260 -0.963796496 0.009515356 -0.001786205 -0.011173713 -0.588158727 -0.011442364 0.808587372
13.517630 -0.971358001 0.010705062 0.001746822 -0.009568022 -0.565513551 -0.007466208 0.824649692
13.622130 -0.977535367 0.010734952 0.005997780 -0.009700608 -0.542572498 -0.005259212 0.839936495
13.726510 -0.982703865 0.011073593 0.009878932 -0.009230403 -0.519286156 -0.004004793 0.854541183
13.830760 -0.987198651 0.010174722 0.011765953 -0.011679589 -0.494113117 -0.004519623 0.869307399
13.935130 -0.991780281 0.009955816 0.015733317 -0.015613008 -0.471112549 -0.000305736 0.881934881
14.039380 -0.997208357 0.010212135 0.020188048 -0.017981753 -0.447091699 0.004243851 0.894297302
14.143650 -1.001495600 0.010674301 0.024753878 -0.015463912 -0.422591656 0.006478190 0.906165123
14.247880 -1.004180312 0.010205477 0.028205222 -0.012162631 -0.397781432 0.005382514 0.917383790
14.352150 -1.008482933 0.010925395 0.032084536 0.000632617 -0.368438452 -0.000768192 0.929651558
14.456380 -1.010615587 0.011074580 0.036605317 0.000565610 -0.342853099 0.004677658 0.939377189
14.560630 -1.014715075 0.011440774 0.042108264 0.003917031 -0.313792020 0.005163776 0.949469626
14.664880 -1.018731117 0.011412092 0.048303142 0.003848429 -0.284686059 0.007429708 0.958584249
14.769010 -1.022428393 0.010472829 0.055834930 0.003483854 -0.259419769 0.005323956 0.965743721
14.873160 -1.025475860 0.010395700 0.062618539 0.003102687 -0.233004749 0.004990310 0.972457826
14.977150 -1.029083490 0.010406622 0.069677092 0.003239766 -0.207978517 0.002503029 0.978124797
15.081160 -1.032528877 0.011045896 0.076304153 0.006291649 -0.183959126 0.001178209 0.982913077
15.185010 -1.033828139 0.010041005 0.084594533 0.004100995 -0.167436182 -0.003524521 0.985868096
15.288760 -1.036205411 0.009585417 0.092304744 0.002736638 -0.151702657 -0.003160024 0.988417327
15.392480 -1.038334012 0.009524094 0.100675493 0.002249215 -0.139265135 -0.003066981 0.990247846
15.496190 -1.040552020 0.009677405 0.109859198 0.001201999 -0.128404260 -0.002856187 0.991717041
15.599910 -1.043011546 0.009803225 0.119259909 0.000459090 -0.119043350 -0.004234444 0.992879927
15.703610 -1.045182347 0.009727243 0.128015235 -0.000119989 -0.110298954 -0.007637703 0.993869126
15.807320 -1.047134995 0.009848340 0.137080088 -0.000098219 -0.104286462 -0.008346289 0.994512260
15.911010 -1.048720360 0.009862171 0.147365138 0.000042514 -0.097961374 -0.008569428 0.995153308
16.014760 -1.050936341 0.009352541 0.156951010 -0.000553770 -0.090534829 -0.009487994 0.995847940
16.118550 -1.051913857 0.009244866 0.167295113 -0.001318453 -0.083777234 -0.007858924 0.996452630
16.222360 -1.053642273 0.008934879 0.177343428 -0.001498708 -0.076923937 -0.008626208 0.996998489
16.326140 -1.055666089 0.009286651 0.187588453 0.000676928 -0.069263414 -0.010698243 0.997540832
16.429890 -1.057637334 0.009365860 0.198376268 0.003412442 -0.063070111 -0.011993110 0.997931182
16.533760 -1.058144093 0.009137382 0.208221450 0.006200981 -0.058968216 -0.010390907 0.998186529
16.637520 -1.059041381 0.008807768 0.221114755 0.005880275 -0.055760488 -0.008616393 0.998389661
16.741260 -1.060649037 0.008539520 0.232203633 0.002438606 -0.051877845 -0.009770477 0.998602629
16.845140 -1.062218547 0.008488695 0.244149536 -0.001394323 -0.049409088 -0.011706143 0.998709023
16.948890 -1.063747048 0.008357843 0.255654603 -0.003292488 -0.046846073 -0.012191468 0.998822272
17.052630 -1.064160347 0.008070490 0.266048223 -0.003024350 -0.046394393 -0.010195822 0.998866618
17.156420 -1.066022158 0.008924708 0.277978599 -0.001150254 -0.044670541 -0.006186456 0.998981953
17.260280 -1.066327691 0.007757965 0.288399935 -0.003560190 -0.042571530 -0.010832504 0.999028325
17.364000 -1.067214131 0.007602980 0.299649358 -0.004748626 -0.041498531 -0.009850336 0.999078751
17.467890 -1.068032384 0.007512749 0.310912013 -0.005617558 -0.039938692 -0.008764608 0.999147892
17.571660 -1.068644285 0.007513018 0.321098059 -0.003492304 -0.038682699 -0.007929199 0.999213994
17.675510 -1.069132328 0.007557075 0.332999200 -0.000102045 -0.038612176 -0.008091198 0.999221504
17.779390 -1.070876837 0.006904507 0.344918191 0.003184233 -0.037133303 -0.010876562 0.999246061
17.883140 -1.072263122 0.007400532 0.355089188 0.006174794 -0.035789415 -0.010772941 0.999282181
17.987010 -1.072545290 0.006497060 0.365767121 0.004731437 -0.035188239 -0.011705601 0.999300957
18.090880 -1.073449135 0.006219878 0.376702756 0.002748138 -0.033686142 -0.014005815 0.999330521
18.194760 -1.074061751 0.006132210 0.386544853 0.000880090 -0.033539660 -0.014121222 0.999337256
18.298510 -1.075230479 0.005906356 0.399004340 -0.000651091 -0.031330105 -0.014473156 0.999404073
18.402390 -1.075485945 0.005761027 0.409056604 -0.000637106 -0.031317674 -0.011472791 0.999443412
18.506260 -1.077099562 0.006030999 0.420372963 0.000810055 -0.028932335 -0.010758485 0.999523163
18.610130 -1.078353286 0.006375276 0.431398690 0.002597337 -0.028383542 -0.010947609 0.999533772
18.713910 -1.078287125 0.005162472 0.441370845 0.001043042 -0.028915331 -0.010272049 0.999528527
18.817760 -1.079314113 0.005091021 0.450907052 0.001363668 -0.028797628 -0.011973803 0.999512613
18.921640 -1.079283476 0.005012163 0.464427084 0.000479694 -0.028604267 -0.012180875 0.999516487
19.025510 -1.080530524 0.004830153 0.475572705 0.001044390 -0.027775032 -0.011955175 0.999542177
19.129390 -1.082018971 0.004640978 0.485722721 0.000892236 -0.027431153 -0.016523445 0.999486744
19.233260 -1.082861662 0.004438043 0.497934937 0.000990923 -0.028764762 -0.011031509 0.999524832
19.337010 -1.081741452 0.004122766 0.509455025 0.001315730 -0.032381676 -0.007672966 0.999445260
19.440890 -1.083246946 0.004136831 0.521452010 0.000939767 -0.033166695 -0.014160605 0.999349058
19.544760 -1.084542394 0.004174736 0.532682896 0.003842501 -0.033608541 -0.015517086 0.999307215
19.648510 -1.085228562 0.004101239 0.544739306 0.005550642 -0.035194714 -0.017716194 0.999207973
19.752390 -1.086106658 0.003822415 0.555960953 0.006424920 -0.036295947 -0.017048808 0.999175012
19.856260 -1.087405324 0.003707877 0.566301823 0.005614832 -0.036750406 -0.018512860 0.999137223
19.960140 -1.087897062 0.002993281 0.578916311 0.004645239 -0.038314894 -0.014541502 0.999149084
20.064010 -1.089271426 0.003299668 0.590844333 0.003863325 -0.038272943 -0.020134248 0.999056995
20.167930 -1.090379834 0.002717430 0.601278722 0.002300620 -0.039103273 -0.016546246 0.999095500
20.271890 -1.091289401 0.002627292 0.616508067 0.000338510 -0.039642952 -0.014773344 0.999104619
20.375760 -1.091999650 0.002512915 0.632421076 -0.000757973 -0.040508620 -0.013508341 0.999087572
20.479750 -1.093209982 0.002594173 0.644641042 -0.000506939 -0.039058510 -0.016494447 0.999100626
20.583640 -1.093619704 0.001676257 0.656812429 -0.001254104 -0.039710227 -0.014258812 0.999108732
20.687510 -1.095024347 0.001999844 0.668727279 0.000584639 -0.037595727 -0.017643753 0.999137104
20.791530 -1.096270084 0.001543677 0.680210292 0.001081609 -0.036113046 -0.014270213 0.999245226
20.895390 -1.096707344 0.003274375 0.693354845 0.003566694 -0.034550585 -0.016898386 0.999253690
20.999260 -1.095760107 0.003664554 0.707108080 0.003717652 -0.035198655 -0.020642325 0.999160230
21.103270 -1.098526478 0.001591230 0.719386935 -0.000462795 -0.034892097 -0.009886875 0.999342084
21.207140 -1.099333286 0.000539146 0.732131124 -0.001262794 -0.034322258 -0.009991236 0.999360085
21.311120 -1.099504590 -0.000553481 0.746038020 -0.000500020 -0.033842154 -0.011075132 0.999365687
21.415040 -1.100761890 -0.000477335 0.756804705 0.002503670 -0.032964833 -0.012901471 0.999370098
21.519010 -1.102412939 0.000807695 0.771324813 0.007782078 -0.031626098 -0.016839989 0.999327600
21.622900 -1.103686929 0.000406957 0.783638597 0.010136859 -0.029909153 -0.020820251 0.999284327
21.726890 -1.103535771 0.000407845 0.798256218 0.011760284 -0.030015647 -0.020784972 0.999264121
21.830760 -1.105709314 -0.000665188 0.804719090 0.006619252 -0.031444531 -0.012569803 0.999404550
21.934640 -1.106439710 -0.001591046 0.817784786 0.001996491 -0.032641903 -0.012372948 0.999388516
22.038660 -1.107462883 -0.001302150 0.830103874 -0.001810057 -0.032282483 -0.011872195 0.999406636
22.142620 -1.107834458 -0.001784517 0.841130435 -0.000155184 -0.033917848 -0.012668205 0.999344349
22.246540 -1.109007239 -0.001419908 0.854034841 0.001462696 -0.034244351 -0.007421150 0.999384880
22.350390 -1.108693600 -0.001826718 0.864802599 0.003412744 -0.036609054 -0.009136823 0.999282062
22.454390 -1.109320998 -0.002495256 0.875678420 0.004789639 -0.037373237 -0.013326471 0.999201059
22.558370 -1.110974550 -0.002767205 0.887647450 0.004796406 -0.038623039 -0.012343221 0.999166071
22.662270 -1.112213373 -0.003041545 0.898125827 0.007722454 -0.040386230 -0.013464205 0.999063611
22.766140 -1.113962770 -0.003267716 0.913511992 0.008116873 -0.042771202 -0.009573384 0.999006033
22.870160 -1.115369797 -0.004155385 0.923270881 0.007806310 -0.042553596 -0.012937726 0.998979926
22.974020 -1.116353869 -0.003544801 0.936844766 0.008747822 -0.046237651 -0.015894793 0.998765707
23.078010 -1.117039084 -0.003358282 0.948354185 0.006005225 -0.048239507 -0.017759539 0.998659849
23.181990 -1.118806601 -0.004568367 0.960221887 0.001881623 -0.050145805 -0.015202207 0.998624444
23.285910 -1.119891882 -0.004566014 0.971761525 0.000941815 -0.052824430 -0.016738642 0.998463094
23.389770 -1.121161461 -0.004615061 0.982636273 0.000394777 -0.056081526 -0.017283347 0.998276532
23.493760 -1.122753501 -0.004839288 0.993627846 -0.001476492 -0.058482330 -0.019087657 0.998104870
23.597640 -1.124343157 -0.005212341 1.006236076 -0.002065246 -0.062133566 -0.014302827 0.997963190
23.701510 -1.126282930 -0.005149085 1.017127037 -0.001127133 -0.064490676 -0.017606696 0.997762322
23.805540 -1.128514886 -0.004633345 1.026821494 0.001440936 -0.066590793 -0.021424320 0.997549295
23.909390 -1.127758384 -0.004590048 1.035451770 0.002731747 -0.071921550 -0.018062778 0.997242987
24.013390 -1.128815293 -0.004476999 1.048115492 0.004953897 -0.076300509 -0.019408559 0.996883631
24.117270 -1.132905602 -0.006248237 1.057967663 -0.000094239 -0.075991459 -0.018857112 0.996930122
24.221270 -1.135576367 -0.005424984 1.070311069 -0.000746677 -0.077915646 -0.021949241 0.996718049
24.325140 -1.137459636 -0.008555962 1.081184268 -0.005435229 -0.081872642 -0.016327776 0.996494234
24.429140 -1.139641523 -0.005968170 1.086630106 -0.001138294 -0.084027536 -0.018687339 0.996287525
24.533020 -1.141889095 -0.005224248 1.096136570 0.003251085 -0.087637998 -0.018525613 0.995974779
24.636890 -1.142390132 -0.002681632 1.111213803 0.009039730 -0.094123617 -0.026458750 0.995167792
24.740760 -1.145841122 -0.006141691 1.122939825 0.003832217 -0.099005193 -0.021626852 0.994844496
24.844640 -1.149015427 -0.006563638 1.133236647 -0.000219092 -0.104253158 -0.014681051 0.994442403
24.948510 -1.150949597 -0.006533180 1.144315481 -0.003982675 -0.109975897 -0.019170359 0.993741393
25.052390 -1.156503677 -0.007358959 1.148763895 -0.007051887 -0.112608396 -0.015408129 0.993494987
25.156270 -1.156232953 -0.006671652 1.168756962 -0.002745929 -0.123063974 -0.024100523 0.992102265
25.260140 -1.160193563 -0.006675811 1.175918341 0.001404602 -0.127148122 -0.024290772 0.991585255
25.364010 -1.164030075 -0.007355059 1.185415268 0.003181695 -0.132505894 -0.022342771 0.990925252
25.467890 -1.166781902 -0.007079303 1.195971608 0.001301280 -0.139917776 -0.022002257 0.989917815
25.571790 -1.168873549 -0.007381670 1.206745028 -0.002624066 -0.145931259 -0.019909872 0.989090860
25.675640 -1.170847416 -0.007709709 1.219964623 -0.005913057 -0.154909953 -0.017479213 0.987756252
25.779520 -1.174739957 -0.007124956 1.229069710 -0.003885238 -0.160568252 -0.021087524 0.986791790
25.883390 -1.178914547 -0.007545880 1.238375902 -0.002234463 -0.165365964 -0.018398792 0.986058116
25.987390 -1.183396935 -0.007517466 1.249273896 0.001035638 -0.169350713 -0.016349152 0.985419691
26.091270 -1.188633323 -0.007189380 1.266283631 0.004956021 -0.174085140 -0.015656782 0.984593630
26.195270 -1.191892982 -0.007451737 1.271451831 0.005850418 -0.176525727 -0.016114632 0.984146714
26.299290 -1.197038651 -0.007751693 1.282399893 0.005644634 -0.180044353 -0.018083386 0.983476043
26.403140 -1.201559901 -0.007439400 1.293560266 0.005282415 -0.184850991 -0.016920412 0.982606709
26.507020 -1.205024719 -0.007870695 1.302854061 0.000558825 -0.189772218 -0.014776129 0.981716812
26.611020 -1.209673882 -0.007537815 1.313616633 -0.002953001 -0.193429396 -0.015123000 0.980993211
26.714890 -1.212787747 -0.008723163 1.323301554 -0.006322195 -0.196770862 -0.021260366 0.980198562
26.818890 -1.217622161 -0.008796304 1.333305597 -0.004103028 -0.199573398 -0.025117602 0.979552329
26.922890 -1.222220302 -0.008671221 1.341701031 -0.000474166 -0.201514110 -0.024713850 0.979173660
27.026890 -1.225615501 -0.008887936 1.351776600 0.002535136 -0.205189288 -0.021521453 0.978482366
27.130890 -1.228853226 -0.008368894 1.361056805 0.003580718 -0.208941996 -0.020004841 0.977716863
27.234770 -1.232382774 -0.009194556 1.369544387 0.000239323 -0.211639479 -0.022845184 0.977080762
27.338640 -1.238057256 -0.009862768 1.379594207 -0.001877802 -0.213011727 -0.026714733 0.976682544
27.442660 -1.245687604 -0.009241651 1.394164443 -0.000226528 -0.215213463 -0.023144381 0.976292729
27.546520 -1.250365376 -0.009358007 1.404108286 0.002762581 -0.217798755 -0.023712618 0.975701690
27.650520 -1.254455566 -0.007818158 1.414469123 0.008806440 -0.221420795 -0.024687218 0.974826038
27.754390 -1.260630131 -0.009313350 1.425425768 0.007882678 -0.223128796 -0.022369009 0.974500418
27.858410 -1.265370488 -0.008934794 1.435709238 0.007298298 -0.225543156 -0.027669372 0.973812819
27.962300 -1.270613790 -0.008628749 1.445334554 0.006959903 -0.227224693 -0.027503334 0.973429024
28.066150 -1.275184751 -0.009324476 1.455256462 0.005490123 -0.230818972 -0.027307536 0.972597957
28.170020 -1.280719519 -0.010641844 1.464920759 0.003498319 -0.232497588 -0.023671342 0.972302556
28.274040 -1.285761952 -0.010329287 1.475309730 0.004491084 -0.234780043 -0.023255741 0.971759915
28.377890 -1.291103244 -0.010689839 1.484528303 0.003959691 -0.236586809 -0.023322389 0.971322358
28.481890 -1.296539783 -0.010708240 1.493331909 0.004104083 -0.238442481 -0.023231752 0.970870018
28.585770 -1.301753163 -0.011141891 1.502304077 0.003754485 -0.241023451 -0.023035647 0.970238626
28.689660 -1.306645989 -0.011929979 1.511122942 0.003881558 -0.243654892 -0.019818811 0.969651699
28.793670 -1.311847091 -0.011005185 1.521836042 0.007191721 -0.246281490 -0.019445153 0.968976557
28.897520 -1.317807794 -0.011727753 1.532515407 0.008756727 -0.247958958 -0.022314215 0.968473911
29.001520 -1.323396325 -0.011765799 1.542212367 0.007241285 -0.249529406 -0.022552013 0.968077481
29.105390 -1.329011559 -0.012160912 1.551417470 0.003001916 -0.250796914 -0.024530765 0.967724204
29.209390 -1.333994627 -0.012434714 1.559972286 -0.001907919 -0.251928777 -0.023277219 0.967463911
29.313270 -1.337973833 -0.012528270 1.568477035 -0.004827939 -0.253612548 -0.024070270 0.966994286
29.417270 -1.342358112 -0.013131179 1.576063514 -0.005707155 -0.255212098 -0.023626650 0.966579497
29.521140 -1.348884106 -0.011764021 1.584731579 -0.003028194 -0.256223440 -0.020790540 0.966389239
29.625020 -1.353547096 -0.012427348 1.593710423 -0.001603845 -0.258497626 -0.022661014 0.965744734
29.729040 -1.356773019 -0.011749540 1.602114797 0.000565341 -0.261022657 -0.023342807 0.965050220
29.832900 -1.358971000 -0.012007304 1.610470176 -0.000128231 -0.265626192 -0.021372577 0.963839114
29.936770 -1.366357684 -0.012384046 1.620022297 -0.000956519 -0.265694767 -0.019419821 0.963861108
30.040770 -1.374546885 -0.012320559 1.627734780 -0.002633372 -0.262650043 -0.016960645 0.964738488
30.144650 -1.374814272 -0.009563602 1.635349154 0.001031153 -0.269524932 -0.013872542 0.962892950
30.248520 -1.382913113 -0.011341157 1.642348528 -0.001634097 -0.265374839 -0.015536909 0.964018762
30.352400 -1.386017799 -0.009894698 1.649660826 0.001369138 -0.268702626 -0.012670594 0.963138878
30.456270 -1.385849237 -0.010991612 1.655698180 0.001547303 -0.274513692 -0.013238098 0.961490810
30.560270 -1.389166117 -0.015482817 1.660847545 -0.002766789 -0.275932670 -0.019057428 0.960984051
30.664040 -1.394903898 -0.014807190 1.667043209 -0.001113929 -0.275348276 -0.016263289 0.961206317
30.767900 -1.399372578 -0.016126031 1.670198798 -0.004109976 -0.274192214 -0.016387878 0.961526513
30.871790 -1.406594515 -0.016429748 1.674800634 -0.004426050 -0.270902842 -0.018935205 0.962410271
30.975650 -1.412109971 -0.013929626 1.681955934 -0.000799021 -0.273750186 -0.015846636 0.961669981
31.079540 -1.413062334 -0.014161981 1.685584426 -0.002668513 -0.279280812 -0.018088929 0.960035384
31.183270 -1.412993312 -0.016242471 1.689285159 -0.010018041 -0.286814958 -0.022285236 0.957674384
31.287140 -1.416199327 -0.017524315 1.692983150 -0.013960195 -0.288418055 -0.027116897 0.957018733
31.390900 -1.422873259 -0.009934514 1.699116349 -0.002801465 -0.289708853 -0.010809110 0.957049668
31.494660 -1.428906679 -0.005943448 1.702889919 0.004348156 -0.290325612 -0.005049928 0.956904709
31.598390 -1.433056235 -0.007358626 1.705645323 0.001309916 -0.293820471 -0.005796713 0.955842137
31.702150 -1.434495807 -0.007154941 1.708696961 0.001071115 -0.303422838 -0.005201884 0.952841222
31.805770 -1.435397625 -0.003376191 1.712894440 0.009119975 -0.316217452 -0.003322472 0.948637068
31.909520 -1.435665369 -0.002596466 1.716551542 0.012345670 -0.331197053 -0.004769242 0.943468750
32.013150 -1.430350423 -0.004822205 1.721164584 0.010607540 -0.355811268 -0.008874994 0.934455514
32.116900 -1.429347992 -0.006808484 1.723760605 0.009595275 -0.371139050 -0.009922659 0.928474724
32.220650 -1.432145238 -0.006687684 1.725215077 0.012023619 -0.381464034 -0.008617504 0.924265325
32.324400 -1.436315775 -0.004112445 1.726694345 0.019855391 -0.387935013 -0.010947735 0.921407819
32.428170 -1.441966534 0.000854863 1.727895141 0.031124471 -0.393151522 -0.008072005 0.918911278
32.531770 -1.447683096 -0.000685541 1.728386879 0.026356105 -0.398620605 -0.007370927 0.916707516
32.635530 -1.449690223 -0.000529823 1.729371071 0.025488211 -0.411609650 -0.006355270 0.910981596
32.739270 -1.453144908 0.000892884 1.732238173 0.029497381 -0.422907561 -0.008242862 0.905655086
32.842900 -1.456829429 0.000657244 1.734352112 0.029466733 -0.436224341 -0.008348935 0.899316609
32.946650 -1.460439801 0.001038455 1.735972524 0.029728804 -0.448670566 -0.008854419 0.893158734
33.050400 -1.460150123 0.000878767 1.741249442 0.029908577 -0.472156972 -0.012318810 0.880920827
33.154020 -1.460186601 0.000497807 1.745268464 0.030718045 -0.493470758 -0.017435873 0.869044900
33.257770 -1.462946534 0.001964387 1.747445464 0.036806311 -0.507780671 -0.019902509 0.860469639
33.361650 -1.466235518 0.003524032 1.749434352 0.040054902 -0.522344530 -0.020405985 0.851548791
33.465270 -1.468494534 0.002997135 1.750930548 0.039002504 -0.538293600 -0.020625081 0.841601670
33.569020 -1.471808076 0.004389785 1.751679778 0.043642048 -0.552470326 -0.018454546 0.832184672
33.672790 -1.474338770 0.004733671 1.753244519 0.045963824 -0.570296168 -0.016241236 0.819991350
33.776420 -1.478877902 0.004755684 1.754615307 0.047688618 -0.588131487 -0.016394304 0.807191670
33.880040 -1.483076692 0.005840390 1.757415414 0.049699891 -0.610030472 -0.013213299 0.790707409
33.983650 -1.487174869 0.007279192 1.758864284 0.053960707 -0.629000187 -0.011504822 0.775444865
34.087400 -1.490884781 0.006840286 1.758519411 0.052927587 -0.647198141 -0.012079103 0.760386288
34.191020 -1.495723724 0.007174610 1.759358525 0.052498579 -0.667501986 -0.009493660 0.742694378
34.294770 -1.500759482 0.007961988 1.759251475 0.053179283 -0.687783778 -0.003479691 0.723956764
34.398420 -1.504929185 0.008652670 1.759406924 0.051104799 -0.710583448 0.004290833 0.701741457
34.502140 -1.514045119 0.008732336 1.758395076 0.055598747 -0.725904286 0.000262286 0.685544848
34.605900 -1.518097401 0.008589624 1.759174466 0.052404378 -0.747314036 -0.002585264 0.662396252
34.709660 -1.523820639 0.008400881 1.756518126 0.045987993 -0.763711691 0.007324778 0.643875718
106.741000 0.003319585 0.002649925 -0.098307550 -0.000807541 -0.049706753 -0.007218726 0.998737454
106.845000 0.001644647 0.002810681 -0.109571993 -0.000600639 -0.049896043 -0.005695777 0.998737991
106.949400 0.000159589 0.002910221 -0.117043830 -0.000687685 -0.051299710 -0.006534051 0.998661697
107.052900 -0.001225160 0.003098647 -0.115794346 -0.000825230 -0.053099390 -0.007582475 0.998560071
107.156800 -0.002061834 0.002466378 -0.111272484 -0.000631652 -0.055326555 -0.006278248 0.998448372
107.260700 -0.002645963 0.002562280 -0.108389758 -0.000549196 -0.056369033 -0.008019283 0.998377681
107.364700 -0.003025346 0.003466976 -0.103859834 0.001109858 -0.056203783 -0.009580049 0.998372734
107.468800 -0.002902315 0.002511141 -0.099042550 0.000304618 -0.056476407 -0.009189999 0.998361588
107.572800 -0.002038628 0.003105257 -0.093111053 0.001014930 -0.056703188 -0.010047716 0.998340011
107.676800 -0.001373915 0.002424947 -0.089484848 0.000657140 -0.056644510 -0.010101906 0.998343110
107.780900 0.000590087 0.001419765 -0.077357471 0.000501026 -0.056864832 -0.009160876 0.998339713
107.885000 0.000274597 0.001399471 -0.074777827 0.000559356 -0.055414952 -0.009157376 0.998421252
107.989000 0.000003630 0.001351347 -0.072169676 0.000794183 -0.054197177 -0.008976942 0.998489559
108.093000 -0.000248157 0.001349036 -0.069561884 0.000959371 -0.052835591 -0.008780190 0.998564184
108.197100 -0.000293286 0.001439319 -0.067198806 0.001076714 -0.051163763 -0.009545154 0.998644054
108.301100 -0.000512006 0.001323633 -0.064811319 0.001086081 -0.048982091 -0.008754373 0.998760700
108.405100 -0.001010878 0.001084123 -0.062481385 0.000799595 -0.046812698 -0.009073990 0.998862147
108.509100 -0.001173642 0.001189084 -0.059911840 0.001081197 -0.044788331 -0.008825069 0.998956919
108.613000 -0.001602116 0.001120932 -0.057365682 0.002222617 -0.042124737 -0.008689607 0.999072075
108.717000 -0.001464357 0.001067742 -0.053590599 0.003012030 -0.040823519 -0.008263533 0.999127686
108.821000 -0.001620614 0.001073282 -0.050324492 0.003190536 -0.038315903 -0.008248422 0.999226511
108.925000 -0.001642970 0.000853108 -0.047181107 0.002844614 -0.036162995 -0.007892312 0.999310672
109.028800 -0.001831994 0.000656031 -0.043560572 0.002556631 -0.033815570 -0.007516441 0.999396563
109.132800 -0.002238802 0.000599956 -0.040410519 0.001978447 -0.030903913 -0.006679445 0.999498069
109.236800 -0.002059405 0.000698483 -0.036630768 0.001651320 -0.028678279 -0.005945160 0.999569654
109.340700 -0.002086017 0.000640240 -0.032485113 0.001137361 -0.025940500 -0.005360054 0.999648452
109.444700 -0.002375298 0.000467555 -0.028714733 0.000650863 -0.023252422 -0.004673946 0.999718487
109.548600 -0.002159877 0.000440496 -0.024081286 0.000493385 -0.021553218 -0.005031059 0.999754906
109.652600 -0.001817036 0.000193598 -0.019395743 -0.000231566 -0.020041831 -0.004597002 0.999788523
109.756500 -0.002724492 0.000426182 -0.017909693 -0.000677575 -0.017507857 -0.004547582 0.999836147
109.860500 -0.002661850 0.000304000 -0.013696240 -0.000711569 -0.016135352 -0.003514561 0.999863386
109.964400 -0.002838378 0.000232583 -0.009735448 0.000047470 -0.014555914 -0.002835831 0.999890029
110.068200 -0.002930364 0.000127892 -0.005611900 0.001050792 -0.013591339 -0.001910969 0.999905229
110.172100 -0.003275471 0.000018075 -0.001062864 0.002053616 -0.012533193 -0.002374246 0.999916553
110.276000 -0.003223110 -0.000043535 0.003618710 0.002031858 -0.011657678 -0.004050057 0.999921799
110.380000 -0.003193369 0.000012213 0.008155457 0.001755426 -0.009085884 -0.006711777 0.999934673
110.484000 -0.003253529 -0.000012060 0.012790800 0.001364060 -0.004876839 -0.005366653 0.999972761
110.587800 -0.002914915 -0.000054706 0.017512515 0.001626205 -0.001306429 -0.001428449 0.999996781
110.691700 -0.002785776 -0.000404842 0.022114441 0.002578006 0.000382336 0.002928619 0.999992311
110.795600 -0.002560813 -0.000654229 0.026450442 0.003753274 -0.001825940 0.005172445 0.999977887
110.899200 -0.002674434 -0.000765038 0.030822597 0.004979847 -0.007688725 0.002983771 0.999953568
111.002900 -0.003299146 -0.000872895 0.035421424 0.006943368 -0.015516423 0.000026958 0.999855518
111.106600 -0.003888496 -0.000874523 0.039627198 0.008799360 -0.024549687 -0.003753598 0.999652863
111.210200 -0.004382502 -0.000971050 0.043812007 0.009330316 -0.034118403 -0.004412044 0.999364495
111.314000 -0.004939434 -0.001010252 0.048192404 0.009533622 -0.045512717 -0.002387977 0.998915434
111.417700 -0.005327185 -0.001160270 0.052213687 0.006538556 -0.058211703 -0.001920269 0.998281002
111.521300 -0.006292906 -0.001309317 0.056454893 0.003057879 -0.070843317 -0.004478994 0.997472703
111.625100 -0.007552086 -0.001467938 0.060514878 0.001171011 -0.083674431 -0.007627307 0.996463239
111.728700 -0.008714990 -0.001522011 0.064563997 0.000096235 -0.096656777 -0.009063443 0.995276511
111.832500 -0.009914406 -0.001663219 0.068533011 -0.001787250 -0.108658031 -0.009312928 0.994033933
111.936400 -0.010684683 -0.001690222 0.072027154 -0.003121982 -0.119360879 -0.008866054 0.992806435
112.040200 -0.012122077 -0.001798810 0.076006554 -0.004468332 -0.125888079 -0.011729470 0.991965055
112.144200 -0.013535524 -0.002011191 0.079884380 -0.006314691 -0.129624858 -0.016224734 0.991410255
112.248300 -0.014487917 -0.001872930 0.083488114 -0.006772858 -0.130540848 -0.018245507 0.991251886
112.352500 -0.015467595 -0.001890491 0.087764576 -0.007161501 -0.128182232 -0.017934216 0.991562605
112.456700 -0.016238546 -0.001828978 0.091346249 -0.007410482 -0.124060296 -0.016801510 0.992104769
112.561000 -0.016888073 -0.001799753 0.095138013 -0.008657837 -0.120509535 -0.013222479 0.992586315
112.665100 -0.017631037 -0.001661189 0.098485321 -0.009677197 -0.115215272 -0.011644571 0.993225157
112.769200 -0.017889014 -0.001739745 0.101107463 -0.010326543 -0.110527605 -0.012244130 0.993743956
112.873300 -0.018166961 -0.002017542 0.103032686 -0.010882122 -0.105115227 -0.012798235 0.994318128
112.977500 -0.018673055 -0.001769036 0.104932100 -0.009927179 -0.100251868 -0.013032352 0.994827211
113.081600 -0.018724008 -0.001617674 0.107239239 -0.009300052 -0.096995950 -0.010837183 0.995182335
113.185700 -0.018950475 -0.001694543 0.108839199 -0.008514236 -0.094600104 -0.010375617 0.995424867
113.289700 -0.019165728 -0.001616091 0.109311715 -0.007946241 -0.092474200 -0.010201975 0.995631099
113.393700 -0.019209588 -0.001382341 0.109634049 -0.006818343 -0.091543175 -0.010669936 0.995720625
113.497700 -0.019179177 -0.001282185 0.109639160 -0.006634713 -0.092131466 -0.010364722 0.995670795
113.601700 -0.018782208 -0.001672147 0.109449133 -0.006297959 -0.092932262 -0.011151955 0.995590031
113.705700 -0.018878981 -0.001704018 0.109766379 -0.003383916 -0.092846446 -0.010711103 0.995617032
113.809700 -0.018794864 -0.001821268 0.109836154 -0.002095638 -0.093206741 -0.011361501 0.995579720
113.913600 -0.018801995 -0.001864677 0.109600447 -0.002835725 -0.092863798 -0.010560773 0.995618761
114.017600 -0.018768821 -0.001734201 0.109456956 -0.003320455 -0.092824109 -0.010328801 0.995623410
114.121600 -0.019020116 -0.001783100 0.109354995 -0.003599057 -0.092341088 -0.010446589 0.995666146
114.225600 -0.019019367 -0.001795842 0.109357543 -0.003782599 -0.092360869 -0.010628481 0.995661676
114.329600 -0.019215904 -0.001928915 0.109525383 -0.003880292 -0.092044815 -0.011336370 0.995682776
