1305031109.943299 -0.052224830 0.008941687 0.007814607 -0.008255258 -0.012293120 -0.012119049 0.999816895
1305031109.975258 -0.066295363 0.008529735 0.012224724 -0.012809936 -0.013336647 -0.016989887 0.999684632
1305031110.011256 -0.074256338 0.009349883 0.017238734 -0.015062065 -0.016969524 -0.024128199 0.999451339
1305031110.043299 -0.089365609 0.007942704 0.017281901 -0.018458575 -0.015936710 -0.031200377 0.999215603
1305031110.075319 -0.099947773 0.010817762 0.019619251 -0.019904859 -0.016487405 -0.036000390 0.999017477
1305031110.111325 -0.113200523 0.013548725 0.024853246 -0.023628151 -0.017038722 -0.040990938 0.998734772
1305031110.143432 -0.127602443 0.007557452 0.025676368 -0.027205553 -0.019524911 -0.044369426 0.998453796
1305031110.175641 -0.135816664 0.013621777 0.026253028 -0.027408406 -0.023483338 -0.045428205 0.998315334
1305031110.211637 -0.143264160 0.011310705 0.028281296 -0.031875476 -0.027139867 -0.048294175 0.997955441
1305031110.243323 -0.151886061 0.009148464 0.030377572 -0.033126421 -0.031961236 -0.047964785 0.997787833
1305031110.279321 -0.160918623 0.009664969 0.033125035 -0.031292293 -0.035657600 -0.049233876 0.997659922
1305031110.311404 -0.174009696 0.010600452 0.030435072 -0.028726270 -0.037698723 -0.050972618 0.997574747
1305031110.343355 -0.183769658 0.013478721 0.030591670 -0.027373416 -0.042348422 -0.052419387 0.997351229
1305031110.379281 -0.200892448 0.013666152 0.027681367 -0.027047571 -0.045590393 -0.055127021 0.997071207
1305031110.411469 -0.212225214 0.020578051 0.025496472 -0.025291881 -0.051056907 -0.058072459 0.996685028
1305031110.443260 -0.225157812 0.023175724 0.027506445 -0.029335260 -0.055060383 -0.063290596 0.996043265
1305031110.479331 -0.238489643 0.021933515 0.030316681 -0.032698061 -0.060439065 -0.069729246 0.995196342
1305031110.511429 -0.250210613 0.021782111 0.028771143 -0.033755593 -0.067394964 -0.072160982 0.994540751
1305031110.543408 -0.257675976 0.027102863 0.028163165 -0.034229141 -0.074382797 -0.075786121 0.993756533
1305031110.579426 -0.275770307 0.032825626 0.027361257 -0.037700862 -0.076166913 -0.080090709 0.993157923
1305031110.611307 -0.282688171 0.026594456 0.031781983 -0.044323731 -0.080412872 -0.083156817 0.992297351
1305031110.643418 -0.282644838 0.026267014 0.033903610 -0.042272717 -0.085265301 -0.087281890 0.991627336
1305031110.679606 -0.288438797 0.033145953 0.030954972 -0.040618654 -0.087368369 -0.089295477 0.991334081
1305031110.711412 -0.294512004 0.033040024 0.034269057 -0.044203114 -0.089090660 -0.091178812 0.990855873
1305031110.743249 -0.300183445 0.032095488 0.034214441 -0.044961665 -0.090405636 -0.092942938 0.990538716
1305031110.779193 -0.300911427 0.032963958 0.033642970 -0.044911664 -0.093041174 -0.093299754 0.990263343
1305031110.811386 -0.303835750 0.033179969 0.032780416 -0.045703214 -0.093117602 -0.094800584 0.990077376
1305031110.843218 -0.311203748 0.034611024 0.032903977 -0.046996929 -0.092942573 -0.097912237 0.989730358
1305031110.879313 -0.309415668 0.034331717 0.034097638 -0.047062397 -0.095774576 -0.097335674 0.989514112
1305031110.911333 -0.308925420 0.035016112 0.033597186 -0.047752399 -0.096904874 -0.098268412 0.989278793
1305031110.943862 -0.304809511 0.031725425 0.029429168 -0.049252562 -0.099411026 -0.098316468 0.988951743
1305031110.979345 -0.297351837 0.035719778 0.031421129 -0.047805626 -0.099313997 -0.099257641 0.988938451
1305031111.011431 -0.283770770 0.033328757 0.035534602 -0.049516361 -0.098528244 -0.098244965 0.989033997
1305031111.043327 -0.280655056 0.032634873 0.034754246 -0.048688520 -0.091857873 -0.095301606 0.990004599
1305031111.079283 -0.276390225 0.037723746 0.032392249 -0.048785176 -0.087763429 -0.093114778 0.990579247
1305031111.111508 -0.266902536 0.033409439 0.035625227 -0.051273569 -0.086865209 -0.089411937 0.990873873
1305031111.143257 -0.255873859 0.029199807 0.036315203 -0.050525781 -0.085770652 -0.088356324 0.991102278
1305031111.179326 -0.240920454 0.030129535 0.038650408 -0.047122080 -0.084546044 -0.087932095 0.991412818
1305031111.211433 -0.233591378 0.029733418 0.034944374 -0.045211252 -0.074872091 -0.084166206 0.992605746
1305031111.243236 -0.227576971 0.025135631 0.036000058 -0.045968294 -0.071829125 -0.083612539 0.992842615
1305031111.279308 -0.207868978 0.021031948 0.038216580 -0.042450625 -0.074136101 -0.081904061 0.992972076
1305031111.311547 -0.203918576 0.028203968 0.033517160 -0.036411475 -0.066641830 -0.077758007 0.994075835
1305031111.343397 -0.199324772 0.026693348 0.034107182 -0.040711619 -0.068152651 -0.077533595 0.993824065
1305031111.379134 -0.179008573 0.014643294 0.037942175 -0.043698102 -0.074575394 -0.073399216 0.993549943
1305031111.411296 -0.178049460 0.023917094 0.036224537 -0.035175484 -0.071712978 -0.074187316 0.994040310
1305031111.443386 -0.158769503 0.023080554 0.040532570 -0.035264719 -0.079777785 -0.078829184 0.993064880
1305031111.479259 -0.126642898 0.013494759 0.044863559 -0.034725450 -0.082192913 -0.077552930 0.992987394
1305031111.511264 -0.116427191 0.008023526 0.039515335 -0.032203287 -0.070564389 -0.076636739 0.994037449
1305031111.543250 -0.105949245 0.007740364 0.043038551 -0.027569635 -0.063946150 -0.075243659 0.994730711
1305031111.579237 -0.090085790 0.009420949 0.039296590 -0.023195487 -0.055844210 -0.068200797 0.995837390
1305031111.611271 -0.089208476 0.008199892 0.040141493 -0.024021693 -0.048308920 -0.061492153 0.996648312
1305031111.643395 -0.065177239 -0.003110645 0.044788480 -0.023907842 -0.054486156 -0.054003075 0.996766448
1305031111.679320 -0.047099147 0.002562365 0.040548719 -0.016941454 -0.048479732 -0.045158930 0.997658968
1305031111.711760 -0.034413081 0.000043296 0.039889243 -0.017112851 -0.040872328 -0.043521501 0.998069346
1305031111.743386 -0.007055675 -0.007035812 0.043531038 -0.014921431 -0.036164101 -0.040711395 0.998404801
1305031111.779423 0.008295333 -0.004338750 0.043202803 -0.009989696 -0.018399933 -0.034601707 0.999181867
1305031111.811406 0.018478129 -0.008354417 0.041204102 -0.008619256 -0.004624145 -0.032883402 0.999411285
1305031111.843299 0.031932279 -0.005020838 0.044639993 -0.003254963 0.003450417 -0.030014610 0.999538183
1305031111.879442 0.028966397 -0.002689766 0.042657394 -0.002672601 0.015472750 -0.026093433 0.999536157
1305031111.911354 0.032613985 -0.007747037 0.044314723 -0.003167748 0.017308936 -0.020775890 0.999629259
1305031111.943300 0.052367322 -0.006695611 0.046948504 -0.000819980 0.010373243 -0.011466045 0.999880135
1305031111.979449 0.075733997 -0.004970286 0.050098222 0.000993677 0.007534356 -0.004146458 0.999962509
1305031112.011433 0.086143531 -0.014401561 0.040040363 -0.000578294 0.014781977 -0.004488608 0.999880493
1305031112.043270 0.101621598 -0.014722380 0.039417703 0.003282960 0.021304293 -0.006325112 0.999747634
1305031112.079339 0.118746534 -0.014252594 0.039873939 0.006111630 0.031235365 -0.005736551 0.999476910
1305031112.111423 0.121825114 -0.013598843 0.040956955 0.009209275 0.041714802 -0.010113463 0.999035954
1305031112.144342 0.144736812 -0.018772552 0.030149044 0.007575142 0.042560298 -0.016027112 0.998936653
1305031112.179390 0.159943730 -0.015895830 0.029733324 0.007368184 0.053774055 -0.019371998 0.998338044
1305031112.211254 0.166222945 -0.021983255 0.043340415 0.006321532 0.066149719 -0.024645826 0.997485280
1305031112.243369 0.176751584 -0.022354044 0.046085209 0.013130109 0.075644463 -0.028885121 0.996629894
1305031112.279353 0.188897133 -0.031465672 0.036700375 0.014700961 0.080039315 -0.031105498 0.996197760
1305031112.311312 0.200926557 -0.033680610 0.038105272 0.020803435 0.080655672 -0.032789752 0.995985270
1305031112.343323 0.209673122 -0.033307612 0.038540654 0.027667761 0.081613623 -0.030760545 0.995804965
1305031112.379360 0.217282727 -0.034584809 0.035648525 0.031221554 0.080550000 -0.026316347 0.995913863
1305031112.411442 0.233033061 -0.031407129 0.034889117 0.035216548 0.075841896 -0.022069374 0.996253371
1305031112.443391 0.242878050 -0.034154907 0.036371179 0.036810026 0.074930556 -0.016027328 0.996380210
1305031112.479418 0.251626313 -0.033773873 0.035713453 0.040109918 0.073024318 -0.006705976 0.996500731
1305031112.511504 0.259174049 -0.034430459 0.036256518 0.042234771 0.069509014 0.000521460 0.996686757
1305031112.543212 0.267249584 -0.036293026 0.035007525 0.044325594 0.066223174 0.004325503 0.996810436
1305031112.579252 0.277026504 -0.035219897 0.035305168 0.046539672 0.062242627 0.010171818 0.996923506
1305031112.611261 0.290865362 -0.032590080 0.033871066 0.047387648 0.060049064 0.016607247 0.996931672
1305031112.643246 0.303826213 -0.031464987 0.032474391 0.044926327 0.063861601 0.024803584 0.996638358
1305031112.679952 0.306822330 -0.032789711 0.035227984 0.042706646 0.070173800 0.028450681 0.996213973
1305031112.711251 0.308635503 -0.031212790 0.034333270 0.041096713 0.074688353 0.029952433 0.995909393
1305031112.743245 0.311435789 -0.021178624 0.035517361 0.039572626 0.077508986 0.033989925 0.995625973
1305031112.779310 0.308293343 -0.027631432 0.037383862 0.029893287 0.082939282 0.036142245 0.995450258
1305031112.811310 0.296510279 -0.030561218 0.041861083 0.027247861 0.086030796 0.034245897 0.995330811
1305031112.843286 0.293562710 -0.023291448 0.040768225 0.026840240 0.080661193 0.031226005 0.995890737
1305031112.879421 0.294965416 -0.023123082 0.040782731 0.023129322 0.076514013 0.034263570 0.996211171
1305031112.911411 0.286651939 -0.022018714 0.041227464 0.021081015 0.074269995 0.036582246 0.996343970
1305031112.943321 0.277025282 -0.026802322 0.043787319 0.017660255 0.070758909 0.035264429 0.996713459
1305031112.979278 0.274714440 -0.024250649 0.042951524 0.018011007 0.063858539 0.032604843 0.997263551
1305031113.011353 0.269063324 -0.021625027 0.040453825 0.016868174 0.060952313 0.032342799 0.997473896
1305031113.043231 0.260912627 -0.020953422 0.040696487 0.012946936 0.059747525 0.030154152 0.997673929
1305031113.079251 0.246966407 -0.033327442 0.039862279 0.007945728 0.059372839 0.024265720 0.997909248
1305031113.111316 0.238782331 -0.026354693 0.037473664 0.012927388 0.053805579 0.019503081 0.998277247
1305031113.143306 0.232291654 -0.017970534 0.033928983 0.013110689 0.049742468 0.018583864 0.998503089
1305031113.179343 0.217372283 -0.027204463 0.035011474 0.007096582 0.050164480 0.019366102 0.998527944
1305031113.211259 0.200476989 -0.025554806 0.033730589 0.009623050 0.046905603 0.020251062 0.998647690
1305031113.243227 0.186484650 -0.020990886 0.028667886 0.008851181 0.040699583 0.020342708 0.998925090
1305031113.279312 0.180590123 -0.025769275 0.030926812 0.005424888 0.032874040 0.022597875 0.999189258
1305031113.311452 0.156976372 -0.034365702 0.025864055 0.007195028 0.030378759 0.025624029 0.999184072
1305031113.343252 0.145636275 -0.026513005 0.023757147 0.014616693 0.018377015 0.023291092 0.999452949
1305031113.379312 0.128710583 -0.021700334 0.026427343 0.012746883 0.011411872 0.019472878 0.999664009
1305031113.411625 0.113690540 -0.029628770 0.028468728 0.010675572 0.004787857 0.019848030 0.999734521
1305031113.443266 0.095757410 -0.025021683 0.025290903 0.013730138 -0.000442284 0.014244316 0.999804199
1305031113.479311 0.073504038 -0.018824862 0.027625797 0.012504212 -0.003789917 0.007229745 0.999888480
1305031113.511523 0.054475754 -0.021021262 0.026514966 0.007899142 -0.007554403 0.004351885 0.999930799
1305031113.543242 0.040297776 -0.022067409 0.033788070 0.006007537 -0.013115834 0.001666169 0.999894559
1305031113.579301 0.022910766 -0.017627954 0.030885600 0.007275440 -0.016234076 -0.003555148 0.999835432
1305031113.611268 0.010096658 -0.018669216 0.030516393 0.003924612 -0.018911419 -0.008651568 0.999776006
1305031113.643222 -0.003753019 -0.016287262 0.031682458 0.002244226 -0.018464062 -0.012249719 0.999751985
1305031113.679288 -0.017874405 -0.016617650 0.031860530 0.001071516 -0.017108416 -0.015787864 0.999728441
1305031113.711931 -0.029425379 -0.016247731 0.032202285 0.001133913 -0.016623035 -0.020892315 0.999642909
1305031113.743590 -0.041778069 -0.014964556 0.032742336 0.002061901 -0.013838386 -0.026110506 0.999561191
1305031113.779320 -0.054523010 -0.018155603 0.033892505 0.001693462 -0.011184298 -0.029443629 0.999502420
1305031113.811237 -0.067797966 -0.014879148 0.032938618 0.003672638 -0.009560683 -0.031521510 0.999450624
1305031113.843295 -0.081143096 -0.009987622 0.033387937 0.004635990 -0.006611723 -0.034886364 0.999358654
1305031113.879281 -0.095530301 -0.017349454 0.037056267 0.003381440 -0.005710605 -0.039733138 0.999188304
1305031113.911290 -0.107060671 -0.011254988 0.037046809 0.008100542 -0.006862203 -0.039987933 0.999143779
1305031113.943291 -0.119242728 -0.015079825 0.038006853 0.009253313 -0.004996922 -0.042282581 0.999050319
1305031113.979293 -0.133959278 -0.012760238 0.038068052 0.013194242 -0.001632438 -0.047429726 0.998786092
1305031114.011257 -0.148818821 -0.010386360 0.037079219 0.016579099 -0.000073496 -0.051711492 0.998524427
1305031114.043301 -0.166498408 -0.009992652 0.037470926 0.017861061 -0.001289824 -0.054306727 0.998363733
1305031114.079285 -0.179735869 -0.007727942 0.039503817 0.020996356 -0.006041625 -0.055713497 0.998207748
1305031114.111263 -0.191540107 -0.002574465 0.041209184 0.024592251 -0.011636727 -0.059942108 0.997831047
1305031114.143284 -0.202638298 -0.002097461 0.044017121 0.024409605 -0.016834904 -0.063066185 0.997568727
1305031114.179337 -0.216493174 -0.008356492 0.042318538 0.024431236 -0.018378278 -0.064695403 0.997436643
1305031114.211303 -0.230377495 0.001358563 0.041056316 0.028724706 -0.017407006 -0.066990890 0.997188091
1305031114.243337 -0.247374415 0.000936611 0.042321723 0.026089204 -0.018102415 -0.070997782 0.996970892
1305031114.279390 -0.256141275 0.003024052 0.043019179 0.026329262 -0.023673614 -0.073251218 0.996684790
1305031114.311429 -0.266766757 0.005799953 0.044184744 0.025497975 -0.032017995 -0.073072419 0.996486366
1305031114.343331 -0.270051092 0.004661294 0.049064066 0.023973083 -0.040128615 -0.075851157 0.996022880
1305031114.379320 -0.280447930 0.004213637 0.049644999 0.023736184 -0.041223094 -0.080237269 0.995640099
1305031114.411397 -0.293387741 0.003866442 0.049797270 0.024183687 -0.041682735 -0.084369853 0.995268524
1305031114.443345 -0.306308866 0.007153221 0.051062129 0.024844751 -0.044848971 -0.086795330 0.994906008
1305031114.479332 -0.318393439 0.003892963 0.049179416 0.022849154 -0.051286325 -0.088180766 0.994520903
1305031114.511266 -0.322275698 0.006081024 0.050628901 0.022582656 -0.060432017 -0.090770930 0.993780017
1305031114.543236 -0.323866934 0.005064959 0.054853499 0.019515362 -0.066234842 -0.089576222 0.993583500
1305031114.579237 -0.331265599 0.003991273 0.056384660 0.017976712 -0.065646432 -0.086473830 0.993926406
1305031114.611391 -0.335363895 0.006551994 0.056045439 0.016390299 -0.066618539 -0.084179059 0.994086146
1305031114.644136 -0.344976664 0.006069488 0.056659542 0.011255895 -0.067197457 -0.084040008 0.994130313
1305031114.679251 -0.351139843 0.002894906 0.056649026 0.007304927 -0.073079117 -0.085019775 0.993668854
1305031114.711306 -0.350211918 0.001284333 0.059613235 0.006429951 -0.078692935 -0.084130235 0.993321836
1305031114.743200 -0.351599872 -0.000540477 0.059829772 0.006800340 -0.081597000 -0.087825477 0.992765069
1305031114.779289 -0.351263642 0.000242158 0.058552139 0.009100416 -0.083879538 -0.091671363 0.992208540
1305031114.811303 -0.349281222 0.003383662 0.057986557 0.009905839 -0.084141701 -0.092600957 0.992092311
1305031114.843208 -0.348693550 0.002475001 0.057191730 0.009586114 -0.084559970 -0.095125474 0.991820991
1305031114.879281 -0.344032168 0.005351171 0.056987811 0.009948241 -0.085484266 -0.094703905 0.991778553
1305031114.912879 -0.340659648 0.008125912 0.056235835 0.009555898 -0.085752659 -0.095234230 0.991708398
1305031114.943234 -0.331779033 0.011028140 0.058479656 0.008100408 -0.086849116 -0.096672229 0.991486788
1305031114.979280 -0.325210631 0.012360422 0.059160076 0.006297161 -0.084816977 -0.097250342 0.991619289
1305031115.011300 -0.316110849 0.019088054 0.060554396 0.004383995 -0.083649181 -0.098128833 0.991642237
1305031115.043508 -0.303007036 0.015930137 0.066891879 0.000153539 -0.083494633 -0.097414747 0.991735339
1305031115.079238 -0.292602479 0.019312927 0.067584887 -0.000161806 -0.080987960 -0.097631969 0.991921842
1305031115.111230 -0.275157303 0.016557915 0.070868522 -0.003882260 -0.079929627 -0.095522061 0.992205501
1305031115.143275 -0.262828737 0.015240422 0.074899949 -0.004846507 -0.072219290 -0.092910148 0.993040085
1305031115.179440 -0.255196810 0.014914682 0.073022097 -0.006565078 -0.068076059 -0.091586016 0.993445814
1305031115.211374 -0.237584084 0.008164387 0.080289647 -0.008424899 -0.068688892 -0.087650754 0.993744552
1305031115.243297 -0.224249661 0.002654213 0.081909761 -0.005256421 -0.064316601 -0.083978266 0.994375885
1305031115.279966 -0.208806530 0.007291737 0.081286609 -0.002741000 -0.063099347 -0.078917727 0.994878352
1305031115.311704 -0.183862597 0.000612860 0.094277464 -0.003795366 -0.063809432 -0.072516151 0.995316744
1305031115.343235 -0.175363541 0.002251112 0.090042889 0.000601365 -0.052335590 -0.068593942 0.996270835
1305031115.379166 -0.174294546 0.013131751 0.089222841 0.000376522 -0.044795554 -0.064793721 0.996892691
1305031115.411237 -0.157428592 0.006732301 0.096396022 -0.008061550 -0.053170949 -0.061658043 0.996647477
1305031115.443159 -0.131614417 0.003804434 0.099151753 -0.012062905 -0.061065596 -0.055898212 0.996494293
1305031115.479241 -0.118291162 0.005625042 0.099730775 -0.015186476 -0.060006663 -0.050680257 0.996794879
1305031115.511253 -0.089149050 -0.000721258 0.107306488 -0.019814007 -0.064199083 -0.045790195 0.996689081
1305031115.543604 -0.059939563 -0.006462591 0.109165989 -0.020781117 -0.057018783 -0.038645603 0.997408390
1305031115.579315 -0.050857257 -0.009837094 0.097260907 -0.021160467 -0.042282578 -0.032424107 0.998355210
1305031115.611424 -0.039258964 -0.006070076 0.109567270 -0.017541630 -0.035979401 -0.027229166 0.998827517
1305031115.643254 -0.024661109 -0.009796586 0.103184089 -0.017418215 -0.029365705 -0.018980041 0.999236703
1305031115.679241 -0.014533750 -0.011954643 0.100961328 -0.016499044 -0.025335697 -0.007809768 0.999512315
1305031115.711320 0.004456572 -0.008031623 0.104106709 -0.013841971 -0.027262451 0.000253267 0.999532461
1305031115.743250 0.028451037 -0.013360681 0.100041345 -0.015997203 -0.024629610 0.007594836 0.999539793
1305031115.779425 0.042950064 -0.013947128 0.097706258 -0.013827816 -0.015783856 0.015000732 0.999667227
1305031115.811277 0.057962596 -0.011995994 0.096490480 -0.012939438 -0.007237815 0.023774061 0.999607444
1305031115.843224 0.074269459 -0.013617527 0.099454939 -0.015405609 0.001224199 0.031634498 0.999379992
1305031115.879198 0.080085471 -0.017455811 0.098076917 -0.014851807 0.009361149 0.037487034 0.999142885
1305031115.911118 0.101030149 -0.015425437 0.099100083 -0.012454027 0.008922203 0.044541087 0.998890102
1305031115.943311 0.112846002 -0.013185445 0.099706590 -0.012564878 0.015684292 0.051541701 0.998468578
1305031115.980740 0.126619935 -0.010724973 0.101788633 -0.013254070 0.020364255 0.057602301 0.998043895
1305031116.011379 0.150172547 -0.007781698 0.104465276 -0.014412866 0.024064161 0.061307460 0.997724712
1305031116.043164 0.158284858 -0.006575876 0.106738523 -0.016663261 0.038459778 0.063155882 0.997123122
1305031116.080030 0.167346314 0.003950925 0.105153017 -0.016653877 0.048577838 0.068090953 0.996356606
1305031116.111300 0.173490524 0.000770400 0.108854257 -0.024624681 0.060470402 0.071511641 0.995300472
1305031116.143441 0.176495343 -0.003367543 0.111577183 -0.030279431 0.071886428 0.074559256 0.994161189
1305031116.179572 0.190183997 0.002777291 0.113662332 -0.029339947 0.074137002 0.078115582 0.993750870
1305031116.211299 0.199883059 0.004401700 0.114747457 -0.032602616 0.079033613 0.082246810 0.992938161
1305031116.243320 0.209530756 -0.007700210 0.117927216 -0.040997446 0.085772619 0.084796868 0.991852701
1305031116.279385 0.222284079 -0.002976574 0.117079437 -0.038788661 0.093025424 0.088644676 0.990950942
1305031116.311336 0.228090644 -0.000294277 0.116768211 -0.040181778 0.101656742 0.092795938 0.989666700
1305031116.343292 0.229360104 -0.005863547 0.119002216 -0.042872611 0.110045977 0.096173145 0.988333225
1305031116.379384 0.251818091 -0.016136227 0.116823398 -0.043072712 0.106265448 0.095976360 0.988757253
1305031116.411333 0.252004206 -0.015109395 0.114193290 -0.039524391 0.109165259 0.099779472 0.988212943
1305031116.443369 0.249467522 -0.014322850 0.113623455 -0.042015314 0.112808108 0.109074749 0.986717641
1305031116.479850 0.249319524 -0.015001441 0.112642802 -0.041777190 0.113822691 0.112712733 0.986202240
1305031116.511205 0.249949977 -0.016132176 0.109198384 -0.040376525 0.111373477 0.109356217 0.986917853
1305031116.543262 0.243912548 -0.014957818 0.105869129 -0.037547279 0.111929089 0.104402326 0.987502992
1305031116.579313 0.230198845 -0.009074723 0.106338106 -0.034853455 0.112867542 0.101719424 0.987774909
1305031116.611261 0.216820136 -0.009066984 0.104592495 -0.033586718 0.109555677 0.095176347 0.988843262
1305031116.643355 0.210910469 -0.010453510 0.097017728 -0.032882772 0.098653287 0.086077251 0.990846574
1305031116.679281 0.191881999 -0.007999015 0.101868801 -0.031545967 0.096061841 0.075367294 0.992016494
1305031116.711634 0.182366520 -0.008229630 0.102316879 -0.031929065 0.091133401 0.065537207 0.993166685
1305031116.743291 0.168387190 -0.003203144 0.100278355 -0.031043891 0.087232925 0.054943420 0.994187057
1305031116.779298 0.151486084 -0.001959966 0.097758636 -0.032645270 0.085078411 0.043824133 0.994874537
1305031116.811318 0.129832089 -0.000012675 0.097746335 -0.031138273 0.085461341 0.036318012 0.995192349
1305031116.846089 0.111388624 0.001545559 0.097566597 -0.028901782 0.078175843 0.027185492 0.996149659
1305031116.880165 0.096453808 -0.000093668 0.093294233 -0.031580836 0.067790180 0.020527001 0.996988356
1305031116.912044 0.080680616 0.001476598 0.091228656 -0.030510601 0.057241641 0.013986899 0.997795999
1305031116.943296 0.065475747 0.003709450 0.089804493 -0.031395052 0.043507129 0.007091291 0.998534501
1305031116.979351 0.050606743 0.003073842 0.089056209 -0.031830024 0.031979263 -0.003292509 0.998976111
1305031117.011382 0.023544285 0.010855544 0.087622128 -0.027278574 0.024762031 -0.012206435 0.999246597
1305031117.043261 0.009634322 0.014984658 0.083773091 -0.027193205 0.014461628 -0.018560298 0.999353230
1305031117.079520 -0.006987303 0.018526113 0.080385506 -0.028477108 0.007120503 -0.025334468 0.999247968
1305031117.111238 -0.020284081 0.022334816 0.086589158 -0.029943354 -0.002822202 -0.025688404 0.999217451
1305031117.143218 -0.027967088 0.029108468 0.085207276 -0.030647691 -0.014031650 -0.026748909 0.999073744
1305031117.179264 -0.035346311 0.026782366 0.084691264 -0.035255361 -0.022931814 -0.031688787 0.998612523
1305031117.211361 -0.037545402 0.027789107 0.086458996 -0.037395686 -0.031225841 -0.034897830 0.998202741
1305031117.243277 -0.039701685 0.037015956 0.088803552 -0.037199650 -0.034191746 -0.036991999 0.998037398
1305031117.279299 -0.042798724 0.037697703 0.091983378 -0.041137446 -0.033043105 -0.041842103 0.997729957
1305031117.311200 -0.046322566 0.034417834 0.094020292 -0.045679580 -0.030885892 -0.043772500 0.997518599
1305031117.343243 -0.048511140 0.027494187 0.091977879 -0.049497791 -0.031193499 -0.043734621 0.997328520
1305031117.379454 -0.050115559 0.024529364 0.091985814 -0.049087245 -0.030810561 -0.043857913 0.997355282
1305031117.411221 -0.052824032 0.017985079 0.090871893 -0.049091574 -0.031940296 -0.043571327 0.997332096
1305031117.443274 -0.053518906 0.016544523 0.090192638 -0.045713998 -0.033536613 -0.042603984 0.997482061
1305031117.479403 -0.052967001 0.008636110 0.089787468 -0.045447223 -0.034985594 -0.041166835 0.997504830
1305031117.511325 -0.053236693 0.001151047 0.089417145 -0.043094821 -0.036748312 -0.039832219 0.997600019
1305031117.544285 -0.054820389 -0.002301642 0.088701405 -0.037869789 -0.037333038 -0.039699174 0.997795641
1305031117.579155 -0.057942677 -0.007123517 0.087982267 -0.035035290 -0.037973601 -0.041068353 0.997819543
1305031117.611159 -0.059586510 -0.011867527 0.089531526 -0.033401124 -0.039360702 -0.041064825 0.997821987
1305031117.643252 -0.061261911 -0.019065807 0.091181017 -0.031994231 -0.041247152 -0.040099975 0.997831166
1305031117.679262 -0.061148837 -0.025808701 0.093173422 -0.032434817 -0.044448048 -0.039094038 0.997719347
1305031117.711184 -0.060333353 -0.036583517 0.096136756 -0.034504585 -0.047671389 -0.036638994 0.997594297
1305031117.743184 -0.061796810 -0.045815505 0.099572703 -0.034802198 -0.049707763 -0.033963911 0.997579277
1305031117.779467 -0.061883587 -0.052295450 0.100601703 -0.034417126 -0.052290346 -0.031744447 0.997533679
1305031117.811320 -0.060312837 -0.066455781 0.104842588 -0.037723873 -0.055197902 -0.029344004 0.997330964
1305031117.843291 -0.056116898 -0.074040674 0.110381044 -0.034823932 -0.057095870 -0.028923517 0.997341871
1305031117.879451 -0.058245625 -0.082407542 0.111650705 -0.033988316 -0.053164225 -0.028742593 0.997593224
1305031117.911407 -0.062041175 -0.092877045 0.116030790 -0.033684414 -0.050343134 -0.029419236 0.997730136
1305031117.943253 -0.060440965 -0.100596726 0.119386509 -0.032724399 -0.049468379 -0.029135866 0.997814178
1305031117.979228 -0.063400485 -0.106164098 0.120959185 -0.033394907 -0.046733402 -0.029630963 0.997909188
1305031118.011228 -0.063178927 -0.120436266 0.126510456 -0.037067510 -0.047020998 -0.029649099 0.997765481
1305031118.043521 -0.064075574 -0.128937587 0.130365327 -0.035937402 -0.045744758 -0.029827179 0.997860849
1305031118.079334 -0.063436866 -0.139182046 0.135592833 -0.036859937 -0.044831973 -0.030715816 0.997841656
1305031118.111217 -0.060171910 -0.153583154 0.141153589 -0.038693607 -0.042216286 -0.031725921 0.997854769
1305031118.143256 -0.064216532 -0.159289896 0.142588645 -0.035938628 -0.036451764 -0.033545081 0.998125434
1305031118.179323 -0.064352252 -0.169735983 0.146356255 -0.035965066 -0.033772945 -0.034959570 0.998170197
1305031118.211202 -0.069696903 -0.178992718 0.148392424 -0.032670725 -0.029672667 -0.034239098 0.998438716
1305031118.243173 -0.071375437 -0.186757430 0.151061416 -0.029472928 -0.030616375 -0.034826055 0.998489439
1305031118.279194 -0.068389140 -0.201586276 0.154652119 -0.028715067 -0.032342400 -0.033796109 0.998492479
1305031118.311299 -0.067070365 -0.208930030 0.156809852 -0.022325289 -0.033593882 -0.033636224 0.998619854
1305031118.343324 -0.067019597 -0.213634789 0.158561856 -0.017244816 -0.032518163 -0.035138957 0.998704374
1305031118.379208 -0.072340801 -0.222236887 0.159458190 -0.013964226 -0.029213376 -0.037029881 0.998789489
1305031118.411296 -0.074689925 -0.223636284 0.160314068 -0.010285028 -0.030353697 -0.037130143 0.998796403
1305031118.445692 -0.072958909 -0.225950494 0.162644356 -0.009735278 -0.031185152 -0.034472562 0.998871565
1305031118.479285 -0.072606519 -0.230809659 0.164340839 -0.010123914 -0.031957880 -0.032152422 0.998920619
1305031118.511255 -0.071478374 -0.226646125 0.165084094 -0.006733333 -0.032392744 -0.031152083 0.998966932
1305031118.544414 -0.070611723 -0.221366987 0.164639115 -0.006578614 -0.031612840 -0.032273196 0.998957336
1305031118.579285 -0.068620458 -0.219795376 0.165540144 -0.008640793 -0.031116277 -0.032184660 0.998960078
1305031118.616142 -0.067683287 -0.213532269 0.164960563 -0.007923794 -0.028981544 -0.034909543 0.998938739
1305031118.645325 -0.067887709 -0.207165018 0.162954181 -0.008820735 -0.026480490 -0.036879756 0.998929918
1305031118.679295 -0.068846658 -0.200465143 0.161890268 -0.011363146 -0.024840055 -0.038894139 0.998869956
1305031118.711421 -0.069367796 -0.198190957 0.161467090 -0.013410088 -0.025096331 -0.041431807 0.998736084
1305031118.746770 -0.072442450 -0.186621726 0.157252982 -0.010068335 -0.026395092 -0.040916894 0.998763084
1305031118.779277 -0.068873599 -0.168135300 0.154286087 -0.009715232 -0.031357139 -0.040339537 0.998646617
1305031118.811221 -0.066910580 -0.168716908 0.154638261 -0.016364463 -0.033692304 -0.042303972 0.998402417
1305031118.846753 -0.062364593 -0.160466537 0.149900600 -0.012466635 -0.034989227 -0.041341972 0.998454392
1305031118.879208 -0.060931131 -0.136106148 0.141978964 -0.006705108 -0.032465413 -0.043272477 0.998513162
1305031118.911177 -0.060036309 -0.133537516 0.140170306 -0.011554997 -0.031847425 -0.045079622 0.998408794
1305031118.946974 -0.058982141 -0.121482193 0.134961501 -0.009981056 -0.030672254 -0.046422258 0.998400986
1305031118.979374 -0.061134148 -0.103868134 0.127844974 -0.008253770 -0.028350253 -0.050934222 0.998265445
1305031119.011363 -0.061713565 -0.093193293 0.123962380 -0.011487326 -0.028456807 -0.053232014 0.998110533
1305031119.047172 -0.063661113 -0.083540365 0.119617060 -0.013163250 -0.028224541 -0.053615704 0.998075902
1305031119.079223 -0.066068567 -0.073394485 0.112399973 -0.013567631 -0.029397342 -0.053490330 0.998043358
1305031119.111328 -0.066086493 -0.063734651 0.110011831 -0.013583566 -0.033246923 -0.053192619 0.997938216
1305031119.147616 -0.066617429 -0.051855948 0.104469754 -0.013206661 -0.036370680 -0.052113574 0.997891247
1305031119.179226 -0.064368509 -0.046222679 0.101884581 -0.014407773 -0.041619841 -0.051768281 0.997687459
1305031119.211364 -0.063775681 -0.033903185 0.095473528 -0.010984513 -0.043200653 -0.050292313 0.997739315
1305031119.247399 -0.064195186 -0.024183987 0.091021977 -0.010239132 -0.044173934 -0.049167611 0.997760713
1305031119.279212 -0.062415835 -0.014811497 0.086916804 -0.009883801 -0.045536581 -0.049388111 0.997692168
1305031119.311212 -0.063676558 -0.004119255 0.083287731 -0.009186203 -0.045419335 -0.046749227 0.997831225
1305031119.347741 -0.064727671 0.003956801 0.080618389 -0.008327504 -0.046848096 -0.044869501 0.997859001
1305031119.379239 -0.063093714 0.018507771 0.078050174 -0.005685921 -0.049525641 -0.043810125 0.997795343
1305031119.411484 -0.058823694 0.026476953 0.075783379 -0.006721425 -0.050728358 -0.043386102 0.997747004
1305031119.447706 -0.058948673 0.033842109 0.073115870 -0.007658082 -0.048066288 -0.043141004 0.997882664
1305031119.479267 -0.059402771 0.047024049 0.071124442 -0.004547631 -0.045863338 -0.043564297 0.997986972
1305031119.511240 -0.060630281 0.056367308 0.067436554 -0.006175656 -0.044148698 -0.042793278 0.998088896
1305031119.547382 -0.060719591 0.069181465 0.066480517 -0.005970846 -0.044132892 -0.041484158 0.998146117
1305031119.579559 -0.057847317 0.083752424 0.063551247 -0.006191736 -0.043801110 -0.041565038 0.998156011
1305031119.615017 -0.058807377 0.089494839 0.063116290 -0.011066391 -0.041612450 -0.040001869 0.998271406
1305031119.647903 -0.059354067 0.104644179 0.061879672 -0.011249283 -0.040695276 -0.039754808 0.998317003
1305031119.679208 -0.057463791 0.118276089 0.061904348 -0.013551469 -0.038863681 -0.041233808 0.998301446
1305031119.715232 -0.061213113 0.126786917 0.061047938 -0.019314785 -0.032639943 -0.038900197 0.998523057
1305031119.747193 -0.065233544 0.133414730 0.058703441 -0.023774991 -0.029828459 -0.033501167 0.998710513
1305031119.779169 -0.062479869 0.141529426 0.061097730 -0.026365377 -0.033009462 -0.031185819 0.998620391
1305031119.814537 -0.060885828 0.151322275 0.059850860 -0.027753761 -0.034452632 -0.027401326 0.998645008
1305031119.847429 -0.061422721 0.166372567 0.058366556 -0.027700888 -0.032915704 -0.023341523 0.998801470
1305031119.879214 -0.061652463 0.170418695 0.057487935 -0.029117195 -0.030773165 -0.023249732 0.998831630
1305031119.911401 -0.063272350 0.186680064 0.054916549 -0.025198577 -0.028117495 -0.022385035 0.999036193
1305031119.947392 -0.062201828 0.194447950 0.055733543 -0.028762488 -0.027047286 -0.022161527 0.998974502
1305031119.979537 -0.060599908 0.197005734 0.055465613 -0.032301083 -0.024618439 -0.022685241 0.998917401
1305031120.015264 -0.061861560 0.210239828 0.052848309 -0.033321127 -0.020728750 -0.021252969 0.999003649
1305031120.047290 -0.065576620 0.207311630 0.053656463 -0.043023415 -0.018706404 -0.019327901 0.998711884
1305031120.079418 -0.066863358 0.209376544 0.053779751 -0.043951724 -0.020451045 -0.017073587 0.998678386
1305031120.115232 -0.066832431 0.211252719 0.053297345 -0.045484107 -0.023026124 -0.014921160 0.998588204
1305031120.148157 -0.064593032 0.212363094 0.054749895 -0.046368394 -0.024596892 -0.015088440 0.998507500
1305031120.179246 -0.062395748 0.207852513 0.055972967 -0.046085399 -0.025317937 -0.012179464 0.998542309
1305031120.215249 -0.064598478 0.195277616 0.053875417 -0.046040848 -0.024144899 -0.012456384 0.998570025
1305031120.248003 -0.063936159 0.193766341 0.054756843 -0.040996093 -0.024449417 -0.014536321 0.998754323
1305031120.279430 -0.062830813 0.185245872 0.055031158 -0.039574370 -0.024251593 -0.016262827 0.998789907
1305031120.315196 -0.063644707 0.175934866 0.055922367 -0.038380176 -0.023432203 -0.018691642 0.998813570
1305031120.347787 -0.063753784 0.168073028 0.057556130 -0.035146385 -0.023024611 -0.020619752 0.998904109
1305031120.379437 -0.062875375 0.157280952 0.059503421 -0.034835961 -0.023660114 -0.021353362 0.998884737
1305031120.415445 -0.063950196 0.135359362 0.064213082 -0.032881014 -0.024233269 -0.021907045 0.998925269
1305031120.447417 -0.063958302 0.134137496 0.066231288 -0.023036396 -0.025142891 -0.022195518 0.999171913
1305031120.479432 -0.064106606 0.118238747 0.070078641 -0.023467708 -0.025991816 -0.022139618 0.999141395
1305031120.514819 -0.065310501 0.106884956 0.073269628 -0.017549876 -0.027869305 -0.019842740 0.999260485
1305031120.547736 -0.065965526 0.098133191 0.076384045 -0.011678052 -0.030932320 -0.018286021 0.999285996
1305031120.579551 -0.066716075 0.090158060 0.079041213 -0.008588891 -0.034863185 -0.015081812 0.999241412
1305031120.615236 -0.065598719 0.078420766 0.083172821 -0.006503674 -0.039712314 -0.012976008 0.999105752
1305031120.647354 -0.064298384 0.070717596 0.085782833 -0.001522759 -0.043132931 -0.012526349 0.998989642
1305031120.679318 -0.061483767 0.063897185 0.089194685 0.001214075 -0.045826893 -0.011302316 0.998884737
1305031120.714522 -0.062058687 0.054227341 0.091868035 0.002770143 -0.046187010 -0.010865776 0.998869896
1305031120.747369 -0.064012803 0.044987164 0.094775327 0.003301784 -0.047757581 -0.010865777 0.998794377
1305031120.779894 -0.060220227 0.033851024 0.099766687 0.004355283 -0.051760003 -0.010502323 0.998594820
1305031120.814944 -0.060745321 0.026818261 0.100563459 0.007060305 -0.051807072 -0.011539077 0.998565495
1305031120.847921 -0.060872231 0.017523693 0.103231907 0.005969096 -0.052606121 -0.013246041 0.998509645
1305031120.883435 -0.058134060 0.006095478 0.105300292 0.007251461 -0.053198386 -0.014718851 0.998449147
1305031120.915444 -0.060381889 0.000799992 0.106043473 0.009579223 -0.050867256 -0.017337320 0.998508990
1305031120.947488 -0.061162498 -0.009381388 0.108403899 0.008697654 -0.050396115 -0.019263390 0.998505652
1305031120.983366 -0.062540576 -0.019498376 0.111351892 0.008462689 -0.050020315 -0.021438997 0.998482227
1305031121.015019 -0.062076911 -0.031374630 0.111982517 0.008582836 -0.051079761 -0.022711854 0.998399436
1305031121.047498 -0.064419158 -0.035092022 0.112761222 0.010836511 -0.049973208 -0.023731625 0.998409748
1305031121.083099 -0.066128984 -0.049475584 0.115016446 0.009529204 -0.051067885 -0.025018224 0.998336315
1305031121.114696 -0.065688707 -0.056412850 0.115597315 0.012270202 -0.052729942 -0.024952250 0.998221636
1305031121.147331 -0.067558773 -0.064415433 0.116382793 0.014043763 -0.052800812 -0.025825208 0.998172283
1305031121.183271 -0.065728731 -0.075116388 0.117870577 0.014615672 -0.055299774 -0.025353814 0.998040855
1305031121.211420 -0.063314870 -0.085875735 0.120355532 0.016341897 -0.056163412 -0.025616819 0.997959137
1305031121.247194 -0.068019204 -0.091332905 0.120350964 0.019019952 -0.053093087 -0.026543194 0.998055518
1305031121.282876 -0.067354158 -0.102782436 0.122469500 0.017543599 -0.055117492 -0.025122844 0.998009562
1305031121.313568 -0.067207009 -0.114785649 0.124977648 0.019100744 -0.055554818 -0.024887992 0.997962654
1305031121.347517 -0.069444045 -0.122868642 0.125330061 0.020395059 -0.056215793 -0.023328712 0.997937679
1305031121.383226 -0.067017749 -0.135207132 0.129548594 0.020976188 -0.058696754 -0.023229770 0.997785091
1305031121.414318 -0.068282329 -0.142156526 0.130273879 0.025716603 -0.057396404 -0.024522813 0.997718871
1305031121.447319 -0.069944166 -0.146848112 0.133145526 0.027867345 -0.056740228 -0.024167787 0.997707307
1305031121.482964 -0.067117482 -0.160976201 0.139204472 0.027664544 -0.056319606 -0.022380592 0.997778475
1305031121.514107 -0.070602365 -0.163862601 0.137515649 0.032076173 -0.053490095 -0.021013957 0.997831821
1305031121.547270 -0.073135845 -0.168947533 0.137428939 0.031552330 -0.052273482 -0.021821856 0.997895658
1305031121.583204 -0.072309226 -0.181499898 0.140408695 0.028622311 -0.051420882 -0.022728281 0.998008072
1305031121.614700 -0.073234007 -0.189131200 0.142185718 0.029740185 -0.049356617 -0.024073351 0.998048067
1305031121.647183 -0.071355768 -0.194461539 0.143625692 0.030630006 -0.045747407 -0.026206577 0.998139381
1305031121.683200 -0.075840227 -0.202504426 0.143653259 0.027800715 -0.040589433 -0.027428510 0.998412371
1305031121.714520 -0.078271702 -0.210785553 0.144497633 0.026510000 -0.039411768 -0.026340583 0.998523951
1305031121.747145 -0.077101566 -0.215373784 0.146974474 0.024824956 -0.039808333 -0.025565434 0.998571694
1305031121.782835 -0.076417029 -0.223912552 0.149938315 0.022040429 -0.039778497 -0.023527984 0.998688281
1305031121.811540 -0.075422034 -0.227396265 0.152769506 0.021266626 -0.039056003 -0.021907249 0.998770475
1305031121.847335 -0.076408423 -0.230773896 0.152917251 0.019202670 -0.037069913 -0.019236201 0.998942971
1305031121.882060 -0.076770358 -0.232987702 0.154486582 0.016815132 -0.037118264 -0.012828947 0.999087036
1305031121.914931 -0.079889722 -0.233840987 0.153648734 0.015076970 -0.037627485 -0.010984055 0.999117732
1305031121.947288 -0.076518677 -0.233713895 0.156090811 0.015153131 -0.041004885 -0.011571738 0.998977065
1305031121.982926 -0.074530244 -0.228502661 0.155893356 0.016125565 -0.041133575 -0.011826204 0.998953521
1305031122.014256 -0.077063426 -0.226488128 0.154893562 0.015260924 -0.040099092 -0.013962798 0.998981595
1305031122.047306 -0.077035800 -0.219206840 0.152929932 0.017190157 -0.041228428 -0.017202109 0.998853743
1305031122.082959 -0.074999101 -0.213214993 0.151300937 0.017934613 -0.042186067 -0.020698981 0.998734355
1305031122.114672 -0.076179788 -0.202585980 0.147049084 0.020294985 -0.041520577 -0.024595816 0.998628676
1305031122.150725 -0.073803045 -0.193925306 0.147162259 0.020114569 -0.042511065 -0.029695719 0.998452008
1305031122.183042 -0.073347867 -0.183134377 0.142819107 0.022746369 -0.040971834 -0.034712590 0.998298049
1305031122.214959 -0.073364742 -0.163465515 0.137204602 0.023167608 -0.038831897 -0.040267728 0.998165250
1305031122.251319 -0.075229988 -0.157569617 0.135357976 0.017028708 -0.037036259 -0.044165369 0.998192251
1305031122.283560 -0.076545760 -0.150426209 0.135263413 0.015519825 -0.037853792 -0.045019288 0.998148024
1305031122.314289 -0.076382548 -0.130718216 0.133852437 0.012513086 -0.040293600 -0.048547365 0.997929335
1305031122.351327 -0.076683931 -0.124227054 0.129519090 0.005373943 -0.041842509 -0.051927362 0.997759402
1305031122.382630 -0.078449294 -0.110417828 0.125658318 0.001711068 -0.043212704 -0.052010298 0.997709692
1305031122.414997 -0.080073722 -0.100001000 0.120867074 -0.001932851 -0.046789587 -0.053145099 0.997488141
1305031122.451257 -0.081041262 -0.087193206 0.113618247 -0.002824933 -0.050485197 -0.051775932 0.997377813
1305031122.483360 -0.080945097 -0.078492627 0.109475762 -0.006124198 -0.055194478 -0.051539492 0.997125745
1305031122.515097 -0.079647005 -0.065765597 0.107787013 -0.006171028 -0.059365466 -0.053090468 0.996804416
1305031122.551490 -0.075718537 -0.055718359 0.103034809 -0.007660147 -0.061302841 -0.054919705 0.996577680
1305031122.583208 -0.074863479 -0.047366291 0.099181518 -0.009175302 -0.060030166 -0.056276336 0.996566713
1305031122.614980 -0.079199038 -0.038721651 0.096210040 -0.009681517 -0.058584362 -0.055672731 0.996681869
1305031122.648788 -0.076197758 -0.028106835 0.092210665 -0.008116162 -0.061759289 -0.053904913 0.996601343
1305031122.683402 -0.078486837 -0.015609679 0.088872813 -0.006451033 -0.061971109 -0.052730527 0.996663153
1305031122.715208 -0.079612419 -0.006439927 0.084142283 -0.006484005 -0.064198606 -0.050310608 0.996647060
1305031122.751298 -0.077862322 0.008622634 0.081686266 -0.004460515 -0.067037433 -0.050321735 0.996470630
1305031122.783423 -0.074817464 0.022316234 0.079605520 -0.006436945 -0.068260565 -0.049996186 0.996393204
1305031122.812555 -0.073720053 0.029443825 0.079681359 -0.011583189 -0.067604512 -0.051046029 0.996338189
1305031122.851418 -0.068449177 0.039050441 0.079072952 -0.012703563 -0.065496221 -0.052499883 0.996389806
1305031122.883754 -0.069403030 0.051996328 0.078080311 -0.013546325 -0.058963172 -0.051796790 0.996823430
1305031122.914571 -0.074002512 0.054845907 0.075435780 -0.018925443 -0.054590747 -0.050848480 0.997033656
1305031122.951341 -0.074879967 0.062100213 0.074657798 -0.019620396 -0.053436939 -0.049572986 0.997146964
1305031122.982815 -0.076793775 0.072950862 0.072399981 -0.020091742 -0.052890345 -0.045390066 0.997365892
1305031123.015450 -0.076288588 0.077725857 0.071301997 -0.023182504 -0.054243296 -0.043171376 0.997324646
1305031123.051827 -0.073512383 0.084002540 0.070069224 -0.022568118 -0.054918025 -0.041648880 0.997366548
1305031123.082975 -0.074023552 0.097318694 0.067080542 -0.020043973 -0.053689953 -0.039083038 0.997591138
1305031123.113873 -0.072514839 0.106315732 0.066050105 -0.022894397 -0.053170610 -0.036542010 0.997653961
1305031123.150822 -0.073573679 0.113595158 0.065134883 -0.025490226 -0.051840156 -0.036486730 0.997663021
1305031123.182155 -0.069436096 0.126904219 0.064537652 -0.025590682 -0.051555067 -0.036022104 0.997692108
1305031123.214704 -0.068552203 0.139031306 0.063542493 -0.027673889 -0.046782017 -0.036387790 0.997858465
1305031123.250618 -0.070159480 0.157309487 0.062715344 -0.028426725 -0.041697703 -0.037593100 0.998018026
1305031123.282347 -0.066949978 0.164219901 0.065574944 -0.037177347 -0.040126011 -0.034206912 0.997916639
1305031123.311327 -0.065941498 0.170923248 0.066668533 -0.042804755 -0.036296301 -0.033582330 0.997859001
1305031123.350481 -0.065155551 0.179243714 0.065381825 -0.048486393 -0.032140337 -0.032053962 0.997791886
1305031123.382255 -0.062323958 0.189319268 0.066895038 -0.051459968 -0.028657701 -0.028904933 0.997845232
1305031123.411363 -0.062443495 0.192891896 0.065460645 -0.056078427 -0.023635572 -0.026101805 0.997805238
1305031123.451255 -0.063768439 0.205182329 0.066115670 -0.055160277 -0.020383799 -0.024650749 0.997965038
1305031123.483594 -0.059565261 0.210502282 0.063763924 -0.060722098 -0.020562360 -0.019160228 0.997758925
1305031123.511360 -0.059685774 0.217858404 0.064512111 -0.062813096 -0.018660016 -0.016225200 0.997718930
1305031123.551513 -0.057573549 0.224771157 0.063255854 -0.064257227 -0.019634875 -0.014298572 0.997637749
1305031123.579583 -0.057493310 0.232653394 0.063543737 -0.065417320 -0.018814810 -0.010669328 0.997623622
1305031123.611335 -0.053848140 0.241771907 0.063180737 -0.066313244 -0.018812118 -0.009613818 0.997575164
1305031123.652411 -0.051264089 0.248903364 0.063585363 -0.069670670 -0.017580161 -0.010005540 0.997364938
1305031123.683753 -0.050775141 0.254900217 0.064214669 -0.073187694 -0.013840571 -0.008571114 0.997185290
1305031123.711323 -0.050146714 0.260464966 0.063053600 -0.077517591 -0.010141146 -0.006597342 0.996917546
1305031123.751723 -0.049977746 0.265332192 0.063445173 -0.079429053 -0.008255281 -0.003889031 0.996798754
1305031123.783858 -0.049155377 0.270733774 0.063150048 -0.079206944 -0.008964845 -0.001890921 0.996816099
1305031123.811608 -0.048115700 0.267790765 0.062296100 -0.083443575 -0.009670780 -0.001723452 0.996464074
1305031123.851444 -0.047937728 0.269743264 0.061900351 -0.083674207 -0.009908435 0.000690453 0.996443689
1305031123.883786 -0.049925350 0.272554100 0.061605476 -0.080963969 -0.010331854 0.001708188 0.996662021
1305031123.911243 -0.050671998 0.268265128 0.062055502 -0.079386212 -0.011305792 0.000656728 0.996779621
1305031123.951442 -0.047700938 0.262717038 0.060883749 -0.082152084 -0.013432199 0.002128667 0.996527016
1305031123.983415 -0.048902474 0.267052114 0.063878119 -0.078384101 -0.015423085 0.003638535 0.996797264
1305031124.011302 -0.047743272 0.264651895 0.065594710 -0.071486995 -0.020082869 0.002499429 0.997236192
1305031124.051505 -0.049399316 0.253508419 0.065471284 -0.071493514 -0.022538651 0.002886061 0.997182190
1305031124.083837 -0.049891710 0.252250493 0.068964615 -0.067820862 -0.025281796 0.003273721 0.997371793
1305031124.111331 -0.051459618 0.249457046 0.071682498 -0.058258701 -0.027273962 0.000884882 0.997928500
1305031124.147446 -0.052933097 0.231949106 0.070192382 -0.059294131 -0.027911456 0.000487869 0.997850180
1305031124.182694 -0.053329669 0.227278486 0.074429534 -0.056377374 -0.028895047 -0.001665758 0.997989953
1305031124.211396 -0.053996678 0.217388466 0.078838274 -0.050295856 -0.030042898 -0.003290821 0.998277009
1305031124.249327 -0.050934806 0.205623165 0.078274108 -0.048512582 -0.033476587 -0.004446902 0.998251498
1305031124.282545 -0.054249659 0.187867090 0.075506352 -0.054327279 -0.035909574 -0.004792941 0.997865796
1305031124.311361 -0.052037410 0.171206713 0.079078436 -0.054585807 -0.041381977 -0.004455704 0.997641265
1305031124.350354 -0.051817842 0.166976482 0.079442546 -0.047693599 -0.044813585 -0.005602604 0.997840524
1305031124.382420 -0.051342506 0.156034172 0.081092700 -0.045157764 -0.047278814 -0.007339413 0.997833490
1305031124.411439 -0.051930767 0.144366041 0.083187245 -0.040759947 -0.048407324 -0.008790670 0.997956932
1305031124.450245 -0.052525885 0.135727465 0.084752664 -0.033483863 -0.049561474 -0.010549957 0.998153865
1305031124.480099 -0.054481506 0.121574573 0.083744965 -0.029258117 -0.049650811 -0.013253463 0.998250008
1305031124.511324 -0.054755658 0.116319112 0.083049744 -0.021037234 -0.051416568 -0.015655288 0.998332918
1305031124.550437 -0.056007270 0.104701370 0.084119581 -0.017650688 -0.052639768 -0.018547842 0.998285234
1305031124.579404 -0.057307776 0.087140702 0.086818039 -0.016552305 -0.055393882 -0.020660255 0.998113573
1305031124.611358 -0.058187898 0.074387237 0.087274611 -0.012811485 -0.057458114 -0.023173571 0.997996688
1305031124.651271 -0.058842063 0.065032534 0.088971704 -0.008757289 -0.059539307 -0.025066961 0.997872710
1305031124.679362 -0.057105631 0.049716733 0.091332175 -0.006926734 -0.062165830 -0.026836485 0.997680902
1305031124.711251 -0.056922901 0.040366240 0.093934953 -0.002086904 -0.062478375 -0.028876202 0.997626305
1305031124.749890 -0.059412580 0.027856112 0.097909629 -0.000584670 -0.062012237 -0.030927623 0.997595906
1305031124.779365 -0.060466006 0.015626220 0.099613450 0.001952943 -0.062942855 -0.031372067 0.997521996
1305031124.811360 -0.059669435 0.005064017 0.103022821 0.003821282 -0.064547986 -0.031512391 0.997409582
1305031124.850535 -0.060658131 -0.007791678 0.107599407 0.003384151 -0.065809995 -0.032888819 0.997284293
1305031124.879355 -0.055856518 -0.022668965 0.112208553 0.003988744 -0.067980714 -0.032772157 0.997140288
1305031124.911448 -0.058419243 -0.029001277 0.113315858 0.006456077 -0.064210176 -0.033063155 0.997367620
1305031124.950730 -0.059372727 -0.040115587 0.119616240 0.003566301 -0.062798940 -0.033406068 0.997460604
1305031124.979438 -0.059401896 -0.060510930 0.125397518 0.001553226 -0.062863573 -0.030874465 0.997543275
1305031125.011454 -0.063586541 -0.068842970 0.126460433 0.006932147 -0.063930348 -0.030786743 0.997455299
1305031125.050763 -0.060167909 -0.073373631 0.129848525 0.009962081 -0.067317329 -0.029646974 0.997241318
1305031125.079364 -0.060170285 -0.087081499 0.134112611 0.007234796 -0.066808611 -0.026280129 0.997393429
1305031125.111364 -0.062089633 -0.098331399 0.138159841 0.007842557 -0.067761600 -0.025530633 0.997344017
1305031125.151013 -0.062330578 -0.106376298 0.139325261 0.011778331 -0.067743950 -0.028149739 0.997236013
1305031125.179353 -0.064155176 -0.109598622 0.140852809 0.012589471 -0.064761102 -0.027867315 0.997432172
1305031125.211320 -0.065700427 -0.121032774 0.145439193 0.008678171 -0.063422956 -0.027369415 0.997573614
1305031125.250632 -0.068668574 -0.133420914 0.147360459 0.009542795 -0.062452484 -0.029753815 0.997558653
1305031125.279467 -0.068858624 -0.137939468 0.150341958 0.013068383 -0.062574416 -0.030306550 0.997494459
1305031125.311493 -0.068534084 -0.148421779 0.155718282 0.012392829 -0.061616935 -0.029237231 0.997594595
1305031125.348880 -0.071552366 -0.153433502 0.155472741 0.016439956 -0.059398346 -0.032414246 0.997572482
1305031125.379401 -0.068977997 -0.158113360 0.158550769 0.016741941 -0.058255415 -0.037151221 0.997469723
1305031125.411335 -0.068863988 -0.163652241 0.162116557 0.016625235 -0.052310705 -0.037606534 0.997784019
1305031125.451195 -0.071310066 -0.169468209 0.163022593 0.013699619 -0.046089500 -0.039317943 0.998069227
1305031125.479424 -0.071139313 -0.178833961 0.165493041 0.012980057 -0.042544235 -0.040578578 0.998185813
1305031125.511316 -0.073025092 -0.179145634 0.163625434 0.014359331 -0.037953597 -0.041554112 0.998311877
1305031125.551020 -0.073061004 -0.182052717 0.165081665 0.013362125 -0.034833767 -0.043087061 0.998374462
1305031125.579308 -0.072493680 -0.182737812 0.167062297 0.012627510 -0.031581938 -0.045341380 0.998392344
1305031125.611533 -0.073903888 -0.193362266 0.166803971 0.010657178 -0.028045658 -0.045250986 0.998525023
1305031125.650575 -0.078640729 -0.196259201 0.162752032 0.014168757 -0.026791234 -0.042466685 0.998638093
1305031125.679328 -0.083649851 -0.188132897 0.156934306 0.019797716 -0.029073166 -0.041863687 0.998504043
1305031125.711443 -0.079208024 -0.188944176 0.156582385 0.020090999 -0.036224224 -0.039617795 0.998355925
1305031125.751260 -0.076740958 -0.177760631 0.152063861 0.026205048 -0.038969524 -0.038354445 0.998160124
1305031125.779348 -0.075641073 -0.170578942 0.150532335 0.026506318 -0.040043194 -0.041527361 0.997982681
1305031125.811573 -0.074283481 -0.159583896 0.148121268 0.028066747 -0.039515488 -0.042409491 0.997923970
1305031125.847412 -0.073856302 -0.153060764 0.145804316 0.025819145 -0.037962534 -0.044364978 0.997959912
1305031125.879318 -0.075059153 -0.145514220 0.140074149 0.025360530 -0.038136337 -0.044398531 0.997963548
1305031125.911305 -0.078476764 -0.132340059 0.136023864 0.023281474 -0.039910071 -0.043753661 0.997973323
1305031125.947343 -0.081032746 -0.125647739 0.134516597 0.019751759 -0.045997307 -0.041661721 0.997876942
1305031125.979324 -0.077122077 -0.114116795 0.132481456 0.019731412 -0.054857269 -0.037784796 0.997583866
1305031126.011333 -0.072154023 -0.101324953 0.132569790 0.018489825 -0.061787494 -0.037702285 0.997205555
1305031126.047324 -0.066163920 -0.085348845 0.131229639 0.017136879 -0.064666450 -0.037841894 0.997041881
1305031126.079356 -0.065105237 -0.072450034 0.129738182 0.014012431 -0.063091606 -0.037365198 0.997209609
1305031126.111370 -0.064603858 -0.063401215 0.129424348 0.010133413 -0.061978843 -0.038112067 0.997298062
1305031126.147432 -0.062574163 -0.049540639 0.128292173 0.008622951 -0.061350886 -0.036439557 0.997413635
1305031126.179384 -0.063600190 -0.031188022 0.126122743 0.004568549 -0.060541607 -0.035280634 0.997531474
1305031126.211319 -0.060374133 -0.021958077 0.127724230 0.000065492 -0.062081300 -0.034599535 0.997471213
1305031126.247298 -0.057847291 -0.006956947 0.125733614 -0.001691776 -0.061381657 -0.033726662 0.997542977
1305031126.279363 -0.056351557 0.005178726 0.124649636 -0.005119053 -0.059769507 -0.034470070 0.997603714
1305031126.311332 -0.052511018 0.020086354 0.124486186 -0.007648346 -0.057790745 -0.036075935 0.997647345
1305031126.347363 -0.054714382 0.030007796 0.123109855 -0.011978961 -0.052509747 -0.037393618 0.997848153
1305031126.379423 -0.055685580 0.042453233 0.121509768 -0.014357787 -0.048970152 -0.038552601 0.997952640
1305031126.411465 -0.054799665 0.053456582 0.119868338 -0.018437397 -0.047522724 -0.040056683 0.997896373
1305031126.447361 -0.055050202 0.060490634 0.119085811 -0.023231238 -0.045930680 -0.038822159 0.997919619
1305031126.479533 -0.057359602 0.070163898 0.116319858 -0.025483202 -0.045073684 -0.035537101 0.998026073
1305031126.511410 -0.056859411 0.085069239 0.112125725 -0.026554897 -0.046511132 -0.034223497 0.997978091
1305031126.547374 -0.051856052 0.094077393 0.113507122 -0.032193769 -0.048848502 -0.033585746 0.997722089
1305031126.579454 -0.051034916 0.103070430 0.111281089 -0.035948433 -0.046494417 -0.031621527 0.997770548
1305031126.611528 -0.051189344 0.112320364 0.109625056 -0.039931260 -0.044270530 -0.029985173 0.997770786
1305031126.647376 -0.048855815 0.114891529 0.110244587 -0.045163497 -0.043284487 -0.028367745 0.997638226
1305031126.679479 -0.046723284 0.120812364 0.108549781 -0.046949256 -0.042171236 -0.023363683 0.997733176
1305031126.711583 -0.046130139 0.129374593 0.107060581 -0.048118427 -0.040472515 -0.020080283 0.997819304
1305031126.747316 -0.044651479 0.128888413 0.105664693 -0.051404260 -0.039139949 -0.016823987 0.997768819
1305031126.779379 -0.044276930 0.135958776 0.103567056 -0.049775738 -0.038182508 -0.014046323 0.997931480
1305031126.811602 -0.040638298 0.140075639 0.101601213 -0.049704898 -0.037140924 -0.013307489 0.997984409
1305031126.847343 -0.037829753 0.142332241 0.100992545 -0.050776176 -0.034690008 -0.012070067 0.998034418
1305031126.879357 -0.038957387 0.144261658 0.099130981 -0.051608376 -0.031796742 -0.011460149 0.998095274
1305031126.911364 -0.037929174 0.145947158 0.098945051 -0.051454432 -0.029917097 -0.011917005 0.998156011
1305031126.947437 -0.037572429 0.147537634 0.097333290 -0.052204955 -0.029212601 -0.009601402 0.998162866
1305031126.979337 -0.037539005 0.149165437 0.097827837 -0.051624291 -0.030122034 -0.008782090 0.998173594
1305031127.011371 -0.037263155 0.147345722 0.097115532 -0.051028930 -0.031033615 -0.008748632 0.998176515
1305031127.047297 -0.036171485 0.147917211 0.096728846 -0.050138425 -0.031965647 -0.007756119 0.998200476
1305031127.079299 -0.035979632 0.147480190 0.096616946 -0.050451364 -0.032555763 -0.007451965 0.998167932
1305031127.111435 -0.037960384 0.144062087 0.096591353 -0.051387686 -0.034006484 -0.006532769 0.998078287
1305031127.147307 -0.038276382 0.141331479 0.097436532 -0.050564606 -0.037454505 -0.006391697 0.997997761
1305031127.179349 -0.039474215 0.142295331 0.097328901 -0.047404122 -0.039575946 -0.006919224 0.998067498
1305031127.211700 -0.038040005 0.139603615 0.098294377 -0.046992637 -0.041741766 -0.007992111 0.997990727
1305031127.247374 -0.038128976 0.133123398 0.098322444 -0.047288612 -0.041634023 -0.008467753 0.997977316
1305031127.279465 -0.038700607 0.134158984 0.098371767 -0.043571740 -0.041726440 -0.009530444 0.998133063
1305031127.311362 -0.040003434 0.131375372 0.100093946 -0.044020567 -0.042328659 -0.010642087 0.998076737
1305031127.347356 -0.039941560 0.122695751 0.102652542 -0.045026105 -0.044264536 -0.010771809 0.997946560
1305031127.379262 -0.040540561 0.123616993 0.102804266 -0.041163128 -0.045142036 -0.011549264 0.998065352
1305031127.411371 -0.041681848 0.122337036 0.104441300 -0.040617693 -0.045851544 -0.012456601 0.998044431
1305031127.447333 -0.042094398 0.114876091 0.105968148 -0.042287942 -0.047154628 -0.012498677 0.997913778
1305031127.479362 -0.042084061 0.116960563 0.107048199 -0.039002210 -0.048478201 -0.013227352 0.997974813
1305031127.511356 -0.043425396 0.116078258 0.108739249 -0.039768938 -0.049124014 -0.014446941 0.997896075
1305031127.547348 -0.042829346 0.110084444 0.110119209 -0.041436475 -0.050346371 -0.014577580 0.997765362
1305031127.579345 -0.044613320 0.112145022 0.110382095 -0.038284127 -0.050005212 -0.014910317 0.997903526
1305031127.611271 -0.045116298 0.113465227 0.111117490 -0.037817385 -0.050331842 -0.015285282 0.997899234
1305031127.647358 -0.044732247 0.108799301 0.111919932 -0.040168490 -0.050915692 -0.013922995 0.997797728
1305031127.679298 -0.044330426 0.107420497 0.112301767 -0.038838249 -0.051687617 -0.013335612 0.997818708
1305031127.711375 -0.045312908 0.109628730 0.111612581 -0.037326969 -0.051909368 -0.013725989 0.997859597
1305031127.747304 -0.044670604 0.106665917 0.113419697 -0.039407365 -0.052863799 -0.013656798 0.997730434
1305031127.779346 -0.044981655 0.103924148 0.113806874 -0.039028157 -0.053026911 -0.013663575 0.997736573
1305031127.811829 -0.046066299 0.105478749 0.112739027 -0.036845658 -0.052768108 -0.014679561 0.997818887
1305031127.847366 -0.045944050 0.103983060 0.112496063 -0.037702776 -0.052964758 -0.015505018 0.997763872
1305031127.879380 -0.047311090 0.102091007 0.112079479 -0.038211867 -0.052690335 -0.015901128 0.997752845
1305031127.911476 -0.048376508 0.103411347 0.112212949 -0.037139807 -0.053223424 -0.016227689 0.997759759
1305031127.947366 -0.048630595 0.103966288 0.112774990 -0.037603635 -0.054056123 -0.016420372 0.997694433
1305031127.979371 -0.048122838 0.103784688 0.115541205 -0.038993150 -0.055228908 -0.016489040 0.997575760
1305031128.011427 -0.047544491 0.103959523 0.116676174 -0.039776869 -0.055505026 -0.016825493 0.997523904
1305031128.047369 -0.046602365 0.100202687 0.119383864 -0.043471035 -0.055035856 -0.015308484 0.997420132
1305031128.079334 -0.046671301 0.097970918 0.121672824 -0.043636728 -0.054846708 -0.014808544 0.997430921
1305031128.111391 -0.046930913 0.097125664 0.121533670 -0.043242261 -0.054884151 -0.014001472 0.997457683
1305031128.147418 -0.046242468 0.096516907 0.123111978 -0.043936126 -0.055363160 -0.012498661 0.997420847
1305031128.179350 -0.044322185 0.090895653 0.125505283 -0.045216002 -0.056474727 -0.011129730 0.997317553
1305031128.211447 -0.045386933 0.092661455 0.123569012 -0.042420778 -0.055751830 -0.011013115 0.997482300
1305031128.247480 -0.046155728 0.093756720 0.123675346 -0.042247497 -0.055984411 -0.010451806 0.997482657
1305031128.279336 -0.044110011 0.090535261 0.126207739 -0.043491893 -0.057486929 -0.010204308 0.997346282
1305031128.311483 -0.046114832 0.092375696 0.124822371 -0.041132532 -0.056377232 -0.011262677 0.997498333
1305031128.347423 -0.046661373 0.092196390 0.124799363 -0.041245919 -0.056256413 -0.012347851 0.997487605
1305031128.379404 -0.047001380 0.091204569 0.125082463 -0.041726131 -0.056637142 -0.013777033 0.997427404
1305031128.411337 -0.046703141 0.089738265 0.125110954 -0.041570477 -0.056891367 -0.014795855 0.997404814
1305031128.447296 -0.048078280 0.090066746 0.124270715 -0.040896051 -0.056199521 -0.016225364 0.997449696
1305031128.479296 -0.048644714 0.089300983 0.124128416 -0.041229676 -0.056278560 -0.017353132 0.997412503
1305031128.511433 -0.047463775 0.087909490 0.125051364 -0.041252691 -0.056756102 -0.017942620 0.997374058
1305031128.547399 -0.047442641 0.086923420 0.124734864 -0.041486673 -0.056239199 -0.018407971 0.997385144
1305031128.579455 -0.047130775 0.084520794 0.124924459 -0.041784864 -0.055905066 -0.018721903 0.997385621
1305031128.611395 -0.049298096 0.084754787 0.122977331 -0.040337872 -0.054860823 -0.018428972 0.997508645
1305031128.647352 -0.050492782 0.086076662 0.122919276 -0.039202824 -0.055652481 -0.018443659 0.997509778
1305031128.679282 -0.049523048 0.082918346 0.122869380 -0.040089253 -0.057582945 -0.018891685 0.997356594
1305031128.711457 -0.048574813 0.083510935 0.123052672 -0.038396697 -0.057851933 -0.019721825 0.997391522
1305031128.747363 -0.048168171 0.083456114 0.122692160 -0.037745897 -0.057097360 -0.020585120 0.997442424
