1305031911.765284 -0.002630973 0.002375060 0.005418145 -0.001564153 -0.016113348 -0.017651541 0.999713123
1305031911.797297 -0.003526968 0.003751318 0.008953495 -0.003382628 -0.022090368 -0.024852719 0.999441266
1305031911.833338 -0.009323139 0.002434846 0.005127121 -0.008971180 -0.027084868 -0.031894978 0.999083877
1305031911.865269 -0.011777823 0.001617554 0.005926735 -0.014251132 -0.036292076 -0.035464622 0.998610020
1305031911.897159 -0.011171819 0.001477900 0.009650685 -0.019414103 -0.047542401 -0.039209969 0.997910500
1305031911.933063 -0.012442595 0.002481127 0.009749203 -0.023832355 -0.060495421 -0.043546926 0.996933281
1305031911.965140 -0.015384255 0.003948223 0.016613666 -0.029027764 -0.077181324 -0.048020445 0.995436788
1305031911.997252 -0.014346465 0.003100765 0.011806423 -0.036024269 -0.097172350 -0.051308382 0.993291080
1305031912.033135 -0.013950960 0.004492208 0.014891700 -0.042995997 -0.113944933 -0.052646123 0.991159081
1305031912.065365 -0.016091220 0.004498334 0.019816652 -0.048326891 -0.125072598 -0.052648596 0.989570379
1305031912.096953 -0.011123030 0.003076775 0.022426790 -0.053106111 -0.136344150 -0.056209289 0.987638891
1305031912.133282 -0.009482543 0.002345957 0.024641424 -0.054917648 -0.144296646 -0.065842986 0.985812962
1305031912.165138 -0.010743890 0.002778877 0.025331425 -0.052528810 -0.149785355 -0.078516185 0.984195232
1305031912.197357 -0.011773936 0.002208594 0.028624857 -0.052320726 -0.154376611 -0.092209801 0.982307374
1305031912.233265 -0.011130581 0.003566790 0.029615231 -0.049467787 -0.157223850 -0.105702408 0.980642915
1305031912.265090 -0.011466933 0.003081563 0.030060368 -0.046150997 -0.158891007 -0.115678713 0.979409099
1305031912.297250 -0.011679021 0.002642971 0.031073436 -0.035668697 -0.160763890 -0.124321342 0.978481948
1305031912.333274 -0.010653321 0.002766115 0.029090900 -0.024663800 -0.164079487 -0.126969755 0.977930665
1305031912.365250 -0.010089560 0.002597321 0.027449410 -0.018852742 -0.166641116 -0.128951281 0.977367342
1305031912.397198 -0.009540989 0.003103912 0.026538422 -0.013357982 -0.172963396 -0.131273866 0.976049364
1305031912.433290 -0.007649317 0.003223213 0.024038170 -0.012559233 -0.181629881 -0.137837455 0.973577797
1305031912.465142 -0.007315357 0.002568566 0.023117090 -0.012329632 -0.189769402 -0.145602420 0.970894158
1305031912.497123 -0.002181713 0.001704190 0.022371255 -0.015493217 -0.199021265 -0.149694994 0.968370736
1305031912.533113 -0.002291319 0.001871908 0.022933818 -0.019346071 -0.203285858 -0.152703255 0.966944814
1305031912.565146 -0.001659342 0.001811279 0.021633470 -0.022566961 -0.209741995 -0.153632134 0.965347707
1305031912.597090 -0.000676949 0.001604654 0.019806182 -0.026381245 -0.214808643 -0.153683558 0.964127898
1305031912.633132 -0.001370661 0.001648376 0.020906873 -0.028053306 -0.218353808 -0.154500842 0.963153183
1305031912.665220 -0.000655383 0.001520168 0.019677747 -0.030703649 -0.223773107 -0.157940716 0.961268723
1305031912.697182 -0.000201068 0.001648853 0.019407338 -0.032996576 -0.231984526 -0.164119750 0.958206177
1305031912.733125 -0.000529851 0.001810236 0.019806860 -0.035408795 -0.241170540 -0.170999795 0.954642355
1305031912.765193 0.000270699 0.001600076 0.018733393 -0.036458381 -0.246283501 -0.178117499 0.951992333
1305031912.797155 0.000778024 0.000786666 0.015443549 -0.038754463 -0.246617407 -0.179718971 0.951514065
1305031912.833077 0.000178871 0.001179178 0.016385000 -0.040179022 -0.243449062 -0.182474598 0.951746404
1305031912.865153 0.012843844 -0.002852937 0.023697274 -0.041008733 -0.249018997 -0.182383478 0.950286329
1305031912.897198 0.014423773 -0.002998142 0.021976156 -0.039473269 -0.244170144 -0.183346972 0.951423466
1305031912.933115 0.006308595 -0.001103856 0.014887818 -0.037915759 -0.229851663 -0.182989672 0.955115378
1305031912.965034 0.005717216 -0.001221400 0.015896797 -0.033847392 -0.225615755 -0.185592085 0.955775857
1305031912.997049 0.014911653 -0.003547841 0.020439124 -0.028967960 -0.227913663 -0.184721768 0.955559552
1305031913.033133 0.015009576 -0.003264324 0.020276757 -0.025496515 -0.223553509 -0.183128268 0.956994116
1305031913.065209 0.015507358 -0.003436805 0.019254196 -0.022612333 -0.220192328 -0.179255322 0.958577871
1305031913.097038 0.016400471 -0.003775117 0.017917795 -0.020788468 -0.213780642 -0.169922829 0.961764991
1305031913.133146 0.017973086 -0.003638678 0.014851836 -0.018266574 -0.202796087 -0.160388276 0.965823829
1305031913.165211 0.017813360 -0.003776987 0.015389381 -0.016629055 -0.188949466 -0.146428064 0.970865786
1305031913.197113 0.012527018 -0.002280862 0.013891005 -0.014467744 -0.169907138 -0.132776633 0.976367056
1305031913.233126 0.012778657 -0.002654148 0.013250381 -0.013511593 -0.155787855 -0.117201060 0.980719864
1305031913.265022 0.013771895 -0.002541953 0.013624783 -0.011510842 -0.141048282 -0.099559426 0.984916627
1305031913.297160 0.019638533 -0.003899431 0.012374945 -0.010923840 -0.128195748 -0.084320106 0.988097489
1305031913.333122 0.020056652 -0.004058826 0.012951786 -0.009899428 -0.110257231 -0.068886317 0.991463542
1305031913.365070 0.021506559 -0.002260428 0.014917233 -0.007539841 -0.094405375 -0.056358900 0.993908644
1305031913.397099 0.023458397 -0.001677881 0.015009137 -0.006027902 -0.078560024 -0.046934061 0.995785713
1305031913.433081 0.027225789 -0.003293828 0.011778457 -0.004680269 -0.060181104 -0.036342897 0.997514665
1305031913.465231 0.032575633 -0.002551075 0.006988948 -0.002122829 -0.037241559 -0.022968056 0.999040067
1305031913.497227 0.041738968 -0.002715978 0.007811479 -0.002943729 -0.012321435 -0.004713702 0.999908626
1305031913.533297 0.041098382 -0.001339035 0.006560547 -0.003062945 0.016733022 0.012006635 0.999783218
1305031913.565261 0.037295405 -0.001585129 0.003142575 -0.004238510 0.047056705 0.024568409 0.998581052
1305031913.597139 0.042795211 -0.000120388 0.004737749 -0.001238389 0.068585001 0.037349120 0.996945143
1305031913.633293 0.037291653 0.002501130 -0.002936061 0.000539392 0.097863935 0.049147803 0.993985355
1305031913.665421 0.041570883 0.006919035 -0.002333976 -0.001637275 0.120032810 0.065690860 0.990592837
1305031913.697243 0.043840460 0.006820012 -0.006426715 -0.006926848 0.142465860 0.084227197 0.986185193
1305031913.733097 0.043114822 0.007384866 -0.012544503 -0.013301123 0.166423142 0.099378139 0.980943620
1305031913.765028 0.038647052 0.006302475 -0.016489023 -0.021550879 0.192038193 0.114246629 0.974476576
1305031913.797106 0.039662533 0.010259107 -0.022641124 -0.026997978 0.209353939 0.130305216 0.968742788
1305031913.833143 0.038321864 0.009554306 -0.025562948 -0.034076415 0.228137791 0.144082054 0.962305725
1305031913.865063 0.039973799 0.010955303 -0.026783392 -0.035991270 0.245856181 0.158375606 0.955602705
1305031913.897116 0.038888443 0.013187448 -0.035903934 -0.038361598 0.262881130 0.176179349 0.947830558
1305031913.933123 0.039218191 0.012570934 -0.036547698 -0.040155232 0.278003961 0.190124989 0.940719843
1305031913.965134 0.040176079 0.013852886 -0.048256785 -0.039357215 0.289765626 0.201460049 0.934826612
1305031913.997116 0.043921024 0.017445222 -0.054132126 -0.039464086 0.301266253 0.216604501 0.927773535
1305031914.033441 0.043123413 0.019456230 -0.057927731 -0.036377676 0.315824568 0.228817239 0.920094669
1305031914.065072 0.040810984 0.024314465 -0.065351740 -0.033357747 0.330156863 0.238024458 0.912813246
1305031914.097126 0.043552082 0.026148912 -0.073829532 -0.034749158 0.341039300 0.248284638 0.906001866
1305031914.133245 0.044524863 0.029487878 -0.079445742 -0.033651620 0.352914691 0.256428838 0.899201334
1305031914.165013 0.047199830 0.033176471 -0.090968840 -0.031298406 0.361957043 0.265884131 0.892923892
1305031914.197110 0.048320927 0.037663031 -0.099132858 -0.029238729 0.372763693 0.270305961 0.887201786
1305031914.233108 0.058991335 0.038195845 -0.115032665 -0.029459270 0.378119439 0.277324170 0.882750928
1305031914.265074 0.057771936 0.044111989 -0.118928827 -0.021115119 0.397037566 0.273891419 0.875727594
1305031914.297165 0.060664739 0.054237776 -0.130793586 -0.014893450 0.406873643 0.270767063 0.872305691
1305031914.333148 0.058190472 0.059031833 -0.140486002 -0.017116452 0.414632857 0.269893765 0.868875086
1305031914.365058 0.056820318 0.061946541 -0.149742603 -0.024568910 0.416889757 0.270451993 0.867441654
1305031914.397215 0.062452715 0.070068561 -0.162455544 -0.029457988 0.410780102 0.271621257 0.869835496
1305031914.433060 0.065612756 0.074929141 -0.173924819 -0.034225430 0.408780873 0.272547841 0.870312870
1305031914.465054 0.069536045 0.079688989 -0.185616300 -0.039196886 0.406940281 0.272967070 0.870834172
1305031914.497127 0.075290509 0.090147667 -0.200978950 -0.041399639 0.404322028 0.270986915 0.872568548
1305031914.533107 0.077525891 0.096382335 -0.207297087 -0.047151573 0.407536954 0.267138034 0.871967673
1305031914.565001 0.080779038 0.101228043 -0.218629226 -0.050707936 0.406794250 0.265336037 0.872664809
1305031914.597122 0.082971171 0.111952059 -0.229888782 -0.052986439 0.407302767 0.260915756 0.873624563
1305031914.633055 0.086014934 0.119849414 -0.243086621 -0.059444197 0.406659901 0.257963419 0.874384940
1305031914.665019 0.090067454 0.125050634 -0.254359841 -0.066540480 0.408385485 0.258701801 0.872849941
1305031914.697129 0.095063455 0.128352121 -0.261563390 -0.072672136 0.412450314 0.258936644 0.870376527
1305031914.733078 0.097873926 0.134072468 -0.270612061 -0.074995860 0.416292280 0.254539371 0.869647086
1305031914.764901 0.099185452 0.142550290 -0.281311810 -0.076314732 0.417588562 0.254227996 0.869001687
1305031914.797119 0.101776928 0.143767685 -0.287909567 -0.083384499 0.418013126 0.255909681 0.867653310
1305031914.833133 0.106644027 0.145151541 -0.295741647 -0.086840421 0.414739281 0.256653786 0.868665040
1305031914.865128 0.109510466 0.148930699 -0.304115474 -0.087704375 0.411337823 0.253338963 0.871165037
1305031914.897188 0.114897542 0.152490661 -0.313188970 -0.088039204 0.405699521 0.252546966 0.874000609
1305031914.933099 0.120023884 0.151238352 -0.321674168 -0.087533981 0.400809020 0.252186477 0.876408517
1305031914.964978 0.124112599 0.157409206 -0.332727373 -0.083311953 0.394069284 0.246586978 0.881455243
1305031914.997078 0.129434720 0.167085364 -0.343501061 -0.078707226 0.388892263 0.244664371 0.884707451
1305031915.033152 0.134005189 0.168836758 -0.351543874 -0.078923553 0.385960519 0.244797722 0.885934293
1305031915.065009 0.139213979 0.175319105 -0.362328321 -0.075755708 0.381398737 0.243729249 0.888477385
1305031915.097024 0.144125924 0.176239088 -0.370494038 -0.077066720 0.378720403 0.240858003 0.890291512
1305031915.133208 0.151442930 0.179520071 -0.381673843 -0.076595545 0.374381363 0.232958436 0.894260645
1305031915.165021 0.156868368 0.181406468 -0.389333874 -0.076223686 0.373539895 0.221935466 0.897442281
1305031915.197108 0.160813838 0.185198829 -0.396566331 -0.072437875 0.371805400 0.208532736 0.901680470
1305031915.233111 0.165596098 0.193078652 -0.406314820 -0.067938171 0.366517633 0.198161170 0.906521559
1305031915.264979 0.170810878 0.195517540 -0.412701249 -0.069573812 0.362439334 0.190308586 0.909714162
1305031915.297152 0.174895748 0.197595954 -0.418829650 -0.069445200 0.355769306 0.184299037 0.913586020
1305031915.333207 0.182277024 0.201731697 -0.428956091 -0.067925796 0.342954218 0.179848954 0.919468820
1305031915.365050 0.190981165 0.203320891 -0.438660175 -0.068298914 0.330050409 0.174936429 0.925094187
1305031915.397167 0.198559657 0.208212659 -0.445388764 -0.067969747 0.318450123 0.167395309 0.930563509
1305031915.432960 0.208682105 0.207289413 -0.453626901 -0.070955306 0.305542618 0.159513816 0.936036527
1305031915.464920 0.213929147 0.209937349 -0.461282849 -0.071582600 0.294267267 0.144238755 0.942060411
1305031915.497121 0.218461633 0.214175284 -0.468804836 -0.073899738 0.281084329 0.130283967 0.947922230
1305031915.533058 0.229920596 0.214565113 -0.478322893 -0.078574948 0.265076488 0.122629367 0.953164458
1305031915.564985 0.242397740 0.215036958 -0.488200992 -0.080839917 0.251783729 0.111733086 0.957906902
1305031915.601161 0.254535645 0.218744427 -0.498330891 -0.082460009 0.244307533 0.099374376 0.961061358
1305031915.633062 0.263665646 0.221895710 -0.504441917 -0.083454907 0.243120804 0.090087332 0.962191164
1305031915.665003 0.270168960 0.219077930 -0.510308743 -0.085332081 0.244336769 0.084441230 0.962230563
1305031915.701106 0.273948312 0.221923873 -0.515350282 -0.082253560 0.244501546 0.078398786 0.962967813
1305031915.733046 0.277127028 0.224232256 -0.518111408 -0.081530973 0.238882229 0.074784376 0.964725494
1305031915.765010 0.281158239 0.229553729 -0.522786379 -0.081942588 0.224479198 0.070249222 0.968483090
1305031915.801243 0.291083395 0.226151720 -0.526736617 -0.086867213 0.206882581 0.068751253 0.972073555
1305031915.833049 0.301074654 0.227883220 -0.534352005 -0.084798731 0.187697798 0.061236467 0.976641595
1305031915.865069 0.309848636 0.235483527 -0.538634539 -0.084148213 0.171669453 0.051875401 0.980182469
1305031915.901234 0.319545150 0.236277193 -0.544738054 -0.087951913 0.155805558 0.044495702 0.982857645
1305031915.933056 0.331500739 0.239457592 -0.548641980 -0.091904417 0.141032666 0.036737472 0.985045016
1305031915.965061 0.343876094 0.237172812 -0.551856697 -0.095524274 0.130316108 0.032388210 0.986328483
1305031916.001234 0.353934824 0.240689680 -0.558470905 -0.095397472 0.122041181 0.024651768 0.987622201
1305031916.033043 0.363261938 0.239659891 -0.560697317 -0.101100475 0.115786433 0.015853327 0.987988293
1305031916.065060 0.376267582 0.226232976 -0.561930299 -0.102894761 0.108000718 0.008898945 0.988771617
1305031916.101115 0.382321358 0.218855783 -0.563774586 -0.089098662 0.102861635 -0.001851804 0.990695477
1305031916.133093 0.389142901 0.221291780 -0.566818655 -0.066135556 0.092834517 -0.008399202 0.993447185
1305031916.165155 0.390128493 0.231132597 -0.577143073 -0.036506020 0.081764095 -0.023040552 0.995716333
1305031916.201031 0.396851063 0.238655344 -0.586443484 -0.021950085 0.064376771 -0.028280539 0.997283340
1305031916.233050 0.411651552 0.230648324 -0.586748242 -0.016883936 0.045730848 -0.031374261 0.998318255
1305031916.265060 0.426081091 0.229579329 -0.596785605 -0.002834434 0.030892480 -0.041987088 0.998636425
1305031916.301076 0.436078936 0.230423763 -0.602898538 0.010220477 0.022282284 -0.052289844 0.998331010
1305031916.333426 0.444417089 0.229886040 -0.610423207 0.025769131 0.017620072 -0.063800879 0.997474253
1305031916.365121 0.454548359 0.224922150 -0.616894484 0.041824810 0.016203653 -0.076086663 0.996091843
1305031916.401006 0.462440789 0.217696458 -0.622775555 0.053596094 0.019346839 -0.082157619 0.994989097
1305031916.433168 0.468929112 0.221223548 -0.625810325 0.071724974 0.021493463 -0.082523406 0.993772328
1305031916.465124 0.471514225 0.215890676 -0.629297018 0.084651634 0.021924147 -0.081625015 0.992819607
1305031916.501025 0.476637572 0.220171705 -0.632248163 0.100120448 0.015904821 -0.083610460 0.991328537
1305031916.533266 0.478315651 0.218672737 -0.636767447 0.114745840 0.006169556 -0.083938912 0.989823043
1305031916.565142 0.480728835 0.220496863 -0.643270016 0.131242335 -0.004692649 -0.086113125 0.987592041
1305031916.601238 0.491943002 0.217265412 -0.646240771 0.137962714 -0.020122765 -0.085338645 0.986548841
1305031916.633156 0.503760993 0.218764275 -0.644799411 0.149272293 -0.036027450 -0.088792108 0.984142184
1305031916.665139 0.496814638 0.220441461 -0.647728801 0.159766853 -0.037846982 -0.091965720 0.982132614
1305031916.701048 0.517263174 0.208581060 -0.644787312 0.164954975 -0.051252898 -0.091787294 0.980682492
1305031916.733056 0.524719000 0.211743042 -0.645277500 0.176069707 -0.059717946 -0.094692074 0.977991104
1305031916.765076 0.532496691 0.206222758 -0.644790113 0.183517963 -0.068253800 -0.091712676 0.976345897
1305031916.801088 0.541551948 0.202463984 -0.641643643 0.193621442 -0.077473976 -0.090219989 0.973842323
1305031916.833266 0.544802070 0.199620917 -0.648527920 0.201963335 -0.083924405 -0.088831738 0.971738875
1305031916.865085 0.557108581 0.197227195 -0.637065709 0.211182848 -0.094160579 -0.088461325 0.968870580
1305031916.901017 0.561598182 0.194380879 -0.640477359 0.220593527 -0.102965035 -0.085984595 0.966096938
1305031916.933088 0.570686460 0.189625010 -0.633619666 0.230371520 -0.112725541 -0.084519558 0.962849081
1305031916.965054 0.573540986 0.190081850 -0.634418011 0.239702165 -0.118290171 -0.084308304 0.959917963
1305031917.001132 0.579081237 0.180567533 -0.631203413 0.247714981 -0.125778124 -0.081380799 0.957180381
1305031917.033155 0.573246181 0.174780235 -0.624058187 0.262385875 -0.130095884 -0.078864999 0.952895105
1305031917.065136 0.576356530 0.176480472 -0.624412894 0.280123264 -0.134264812 -0.078505620 0.947280705
1305031917.101130 0.577012300 0.177254796 -0.625985503 0.296513379 -0.136364996 -0.086148739 0.941309094
1305031917.133106 0.576866806 0.176391035 -0.624192536 0.314602196 -0.136893108 -0.087527998 0.935213625
1305031917.165045 0.577129304 0.176773489 -0.624989569 0.333575517 -0.136954397 -0.089640893 0.928404748
1305031917.201175 0.576189697 0.175920442 -0.622986019 0.348745286 -0.135868371 -0.090540245 0.922886193
1305031917.233102 0.577143669 0.177078500 -0.624533772 0.362530857 -0.135668620 -0.090853408 0.917557120
1305031917.265163 0.578114033 0.178406045 -0.626606464 0.375826657 -0.138009220 -0.086082377 0.912303448
1305031943.907218 -0.008031449 0.044513650 -0.058275115 -0.011467125 -0.090715423 -0.105338395 0.990223706
1305031944.139656 -0.007231862 0.032095745 -0.063881956 0.072227053 -0.066627651 -0.082554415 0.991730154
1305031944.206998 0.007332210 0.032630134 -0.064725339 0.087366432 -0.066764228 -0.067893595 0.991614878
1305031944.239334 -0.008863511 0.031320460 -0.074497521 0.089138746 -0.053618290 -0.065277629 0.992430449
1305031944.270963 -0.008023190 0.029450295 -0.080082059 0.090665646 -0.049067590 -0.061218061 0.992786229
1305031944.306934 -0.011421742 0.028455917 -0.084155664 0.093033053 -0.039180860 -0.052567750 0.993502080
1305031944.339308 -0.012738984 0.027536795 -0.087474801 0.095071286 -0.029464278 -0.046033021 0.993968964
1305031944.370745 -0.012590291 0.030541560 -0.089116693 0.097420365 -0.019563217 -0.042424027 0.994146228
1305031944.406233 -0.009440195 0.032178804 -0.092572093 0.098228797 -0.010856919 -0.032003026 0.994589865
1305031944.438724 -0.006907498 0.029972708 -0.101746157 0.092358842 0.002843471 -0.021143623 0.995497227
1305031944.471304 -0.002343148 0.028755473 -0.098584846 0.088057466 0.017965708 -0.003243981 0.995948076
1305031944.506947 -0.008724867 0.026213570 -0.107112400 0.085051462 0.038539451 0.005461261 0.995615959
1305031944.539069 -0.007105792 0.037839346 -0.108941361 0.088217877 0.053423189 0.010746627 0.994609475
1305031944.571530 -0.004630154 0.038660351 -0.120799534 0.084133603 0.064597480 0.023834275 0.994072735
1305031944.607229 -0.001778445 0.039374255 -0.117574930 0.077479526 0.075946234 0.029514013 0.993658900
1305031944.639625 -0.001303362 0.037825171 -0.119594686 0.068091013 0.087644979 0.033543263 0.993255675
1305031944.671779 -0.000719652 0.039653309 -0.122992590 0.059981126 0.100634404 0.036405019 0.992446303
1305031944.707774 0.004040104 0.044292811 -0.133845389 0.050671853 0.113713436 0.042620610 0.991304755
1305031944.739941 -0.001204560 0.036124513 -0.132197887 0.038139522 0.133869514 0.043809719 0.989295244
1305031944.769058 0.002402648 0.036282722 -0.139636442 0.033849671 0.145860255 0.046546292 0.987629712
1305031944.807919 0.001500441 0.031216498 -0.135724828 0.025483498 0.159826443 0.049047198 0.985596478
1305031944.839956 -0.010515642 0.034654509 -0.139798895 0.020537378 0.174836472 0.051153820 0.983053267
1305031944.875719 -0.011921966 0.034962863 -0.142601967 0.014724607 0.182548612 0.057559825 0.981400073
1305031944.904670 -0.010193158 0.039719030 -0.141660377 0.013862633 0.190955311 0.059474394 0.979697227
1305031944.939702 -0.007724509 0.038583532 -0.143665671 0.007294707 0.198768780 0.061899483 0.978062451
1305031944.969076 -0.006226024 0.045663994 -0.137285754 0.011977447 0.208288208 0.065540530 0.975795567
1305031945.007437 0.001887211 0.045199357 -0.127309516 0.026059549 0.215531886 0.073426723 0.973383486
1305031945.039937 0.004043148 0.043569189 -0.128659114 0.046266552 0.221501827 0.079839244 0.970784247
1305031945.069177 0.006354917 0.051488485 -0.131521732 0.068629086 0.222257182 0.081192985 0.969174683
1305031945.107523 0.011987406 0.043420453 -0.136955127 0.085279025 0.218579724 0.081542425 0.968659520
1305031945.136772 0.003761802 0.032738794 -0.144712165 0.100834511 0.223209321 0.069647379 0.967036307
1305031945.168992 -0.004349727 0.038375549 -0.154683292 0.121651515 0.224648759 0.066104293 0.964553833
1305031945.207107 -0.001758222 0.037857376 -0.154851660 0.138689309 0.223179638 0.059950240 0.962996423
1305031945.238859 0.003092198 0.049390860 -0.158562452 0.153250128 0.224944368 0.050739627 0.960905790
1305031945.269070 0.002966527 0.054307796 -0.158043593 0.160247684 0.230699167 0.044708356 0.958696902
1305031945.306358 0.003821987 0.045550790 -0.159851447 0.164261326 0.233361125 0.045561604 0.957332194
1305031945.338940 0.002313704 0.043574002 -0.161511749 0.175707296 0.232874706 0.041620012 0.955596209
1305031945.369056 0.002024720 0.046139501 -0.162929803 0.184770927 0.229578808 0.039954200 0.954754889
1305031945.406657 0.006127797 0.044021860 -0.160897955 0.194742218 0.223583668 0.041537743 0.954128087
1305031945.436818 0.006085376 0.045283739 -0.162702903 0.209977984 0.220036685 0.037440270 0.951888263
1305031945.469167 0.028851992 0.062011346 -0.161443397 0.227035061 0.209895968 0.030118480 0.950521767
1305031945.506438 0.032457851 0.059277754 -0.171908930 0.229735270 0.208938062 0.027282121 0.950169563
1305031945.538422 0.040964995 0.058815368 -0.173902884 0.236999989 0.211613834 0.022996383 0.947903872
1305031945.569071 0.051024236 0.065496251 -0.172362924 0.246852785 0.217552364 0.021750271 0.944066525
1305031945.606029 0.052652549 0.069863260 -0.174155876 0.247212812 0.224630237 0.021989148 0.942307591
1305031945.638298 0.055429850 0.066951953 -0.178680062 0.244189858 0.227907270 0.024170967 0.942255437
1305031945.669116 0.064024687 0.074670076 -0.179887474 0.242687792 0.228752434 0.025888199 0.942393064
1305031945.706215 0.070870802 0.081203640 -0.178158596 0.238070562 0.230811715 0.027014546 0.943036914
1305031945.738673 0.075436071 0.082736336 -0.181933820 0.231652558 0.234856084 0.028033119 0.943606853
1305031945.769045 0.075141422 0.085302316 -0.185692072 0.223475873 0.241201967 0.032087319 0.943848789
1305031945.806240 0.081020646 0.092527896 -0.183797449 0.213191658 0.246516734 0.036913071 0.944677889
1305031945.838266 0.083962657 0.095279239 -0.184722677 0.200977698 0.251278758 0.041185256 0.945923209
1305031945.869258 0.085726112 0.099728659 -0.187318429 0.186033577 0.256276160 0.048473436 0.947293162
1305031945.909177 0.097608000 0.110356845 -0.186811686 0.169102922 0.258570343 0.058331694 0.949285507
1305031945.936806 0.106028199 0.114984803 -0.186735332 0.152252242 0.263550550 0.065905787 0.950271964
1305031945.969300 0.112828404 0.119130030 -0.191375256 0.135122523 0.270884782 0.072829388 0.950294256
1305031946.005983 0.120021001 0.125151247 -0.188587591 0.118252747 0.280338436 0.080508143 0.949181259
1305031946.037278 0.122910060 0.125784278 -0.186038941 0.100609027 0.291098028 0.090855733 0.947040141
1305031946.069057 0.127610296 0.123639137 -0.187547594 0.085144624 0.299420655 0.101375923 0.944891870
1305031946.107140 0.128827259 0.124383621 -0.187545314 0.073922411 0.309725255 0.109620638 0.941588581
1305031946.137054 0.129477441 0.123131759 -0.191374362 0.064447261 0.316256732 0.115042068 0.939464509
1305031946.168867 0.130581364 0.127276376 -0.194238245 0.059846807 0.321557313 0.116503581 0.937787890
1305031946.207043 0.131082192 0.133058012 -0.196813554 0.054876834 0.326367587 0.119988732 0.935989022
1305031946.237369 0.130512565 0.136760503 -0.200627983 0.048920929 0.328139216 0.124420628 0.935120821
1305031946.268902 0.127097875 0.141449824 -0.203626409 0.043194089 0.327371836 0.126945019 0.935332537
1305031946.306775 0.126780480 0.143393382 -0.208458111 0.033681847 0.320996672 0.127273023 0.937884986
1305031946.337036 0.123405978 0.147653967 -0.214190423 0.025716813 0.314807594 0.126262739 0.940368295
1305031946.369021 0.118325785 0.153116733 -0.220310673 0.018726310 0.311988533 0.125586122 0.941562831
1305031946.406520 0.114109658 0.157904863 -0.225496605 0.011838732 0.308784842 0.123827331 0.942962646
1305031946.437150 0.110700004 0.161598682 -0.234245852 0.007426184 0.303829938 0.124320962 0.944550931
1305031946.468964 0.105777502 0.166395918 -0.241168976 0.005231255 0.300235480 0.125798211 0.945518970
1305031946.506586 0.100926898 0.173981845 -0.249370113 0.003958353 0.297098130 0.125691444 0.946529806
1305031946.537148 0.095582426 0.175489530 -0.256966949 0.000507751 0.296643227 0.127505705 0.946437955
1305031946.569238 0.091586888 0.180338115 -0.266382903 -0.000024738 0.296991855 0.129773065 0.946020484
1305031946.606469 0.087056667 0.186211646 -0.275615394 -0.000372596 0.299662083 0.132568806 0.944789946
1305031946.637163 0.083592154 0.190314680 -0.283024132 -0.000898151 0.304050744 0.133909464 0.943196952
1305031946.669089 0.078893252 0.195250690 -0.291728407 -0.001450156 0.308448881 0.134158492 0.941731751
1305031946.706515 0.073061734 0.202580228 -0.298689038 -0.000099529 0.314339012 0.131159887 0.940206409
1305031946.737134 0.067200743 0.205045804 -0.305669755 -0.003200258 0.318392187 0.131040186 0.938852847
1305031946.769059 0.062128857 0.209388375 -0.314962238 -0.007365084 0.319957703 0.131079212 0.938291550
1305031946.806647 0.057296295 0.214326113 -0.323140770 -0.010984811 0.323224276 0.131510034 0.937075496
1305031946.837100 0.052499950 0.216692060 -0.330082148 -0.014259587 0.326079994 0.133768499 0.935721338
1305031946.869090 0.048057593 0.217139766 -0.335523784 -0.016939733 0.328061938 0.133015573 0.935091078
1305031946.906602 0.041742053 0.219715059 -0.340847373 -0.015768318 0.327698529 0.132681116 0.935286462
1305031946.937151 0.037431650 0.223709166 -0.350358009 -0.015092388 0.322700024 0.133536637 0.936912417
1305031946.969064 0.034478415 0.227770135 -0.358488828 -0.017932698 0.319717318 0.134504884 0.937746108
1305031947.006827 0.031496748 0.227839574 -0.364068955 -0.023662295 0.316856444 0.135712519 0.938415766
1305031947.037000 0.030598044 0.230490148 -0.373409331 -0.025935030 0.311696231 0.135403946 0.940126896
1305031947.068973 0.033368219 0.233759180 -0.380309373 -0.027239520 0.309607327 0.136211947 0.940663397
1305031947.106644 0.033781208 0.234742597 -0.387882411 -0.027517045 0.309913456 0.132992744 0.941015065
1305031947.137044 0.035983145 0.242699593 -0.395222008 -0.025308201 0.311505973 0.129529342 0.941034377
1305031947.169117 0.037068278 0.245512038 -0.399755567 -0.026859261 0.315068305 0.132131979 0.939442217
1305031947.204982 0.039723754 0.246693432 -0.403898954 -0.028201986 0.315910429 0.132883072 0.939014018
1305031947.237001 0.041725252 0.248589247 -0.409623414 -0.029093148 0.315378487 0.132224351 0.939258575
1305031947.269076 0.045537733 0.254029065 -0.412343770 -0.030675268 0.312927514 0.127956674 0.940618157
1305031947.304951 0.050157651 0.260111690 -0.418311983 -0.036071140 0.308282614 0.125667468 0.942267716
1305031947.336945 0.055008814 0.258207500 -0.420132935 -0.046066936 0.305197150 0.124394134 0.943005085
1305031947.368991 0.063167542 0.259990811 -0.423990756 -0.051065613 0.298887372 0.116212219 0.945808291
1305031947.405013 0.070081353 0.264128804 -0.428924650 -0.052758541 0.293069422 0.108989969 0.948392332
1305031947.437038 0.078071646 0.264427871 -0.430974334 -0.054582354 0.287190914 0.107213497 0.950288057
1305031947.469273 0.085989445 0.260845602 -0.435572833 -0.052658185 0.280017078 0.104148835 0.952874899
1305031947.504994 0.093421526 0.265640467 -0.439302683 -0.045428410 0.271579593 0.095519133 0.956586063
1305031947.537022 0.100746974 0.273467124 -0.445195705 -0.038678594 0.260810435 0.088439524 0.960552096
1305031947.568989 0.107690938 0.272746742 -0.449318260 -0.039901976 0.249152407 0.082974300 0.964077890
1305031947.605177 0.118662193 0.275322258 -0.456449717 -0.039885353 0.233798757 0.071098268 0.968861341
1305031947.637085 0.128830537 0.276598632 -0.462240756 -0.039130136 0.222765386 0.058733057 0.972314179
1305031947.669011 0.137816191 0.278181612 -0.465404838 -0.034665573 0.211952582 0.050224632 0.975372732
1305031947.705153 0.147023454 0.278614908 -0.473666131 -0.030023469 0.197037026 0.037421949 0.979221404
1305031947.736979 0.157990709 0.283477277 -0.478932500 -0.023461767 0.183694899 0.021556458 0.982466817
1305031947.769041 0.168411359 0.284768552 -0.487589151 -0.016769344 0.171216190 0.007651441 0.985061049
1305031947.804941 0.179050460 0.295827180 -0.493067920 -0.008672285 0.163819075 -0.003322544 0.986446679
1305031947.837022 0.187570423 0.293371826 -0.496282458 -0.008881822 0.156640992 -0.011590203 0.987547636
1305031947.868988 0.198184520 0.300860316 -0.502840281 -0.001416930 0.146333426 -0.024050118 0.988941908
1305031947.904995 0.205313221 0.303570032 -0.505723357 -0.001981568 0.139605120 -0.034149449 0.989616215
1305031947.937025 0.212466136 0.306643695 -0.508921027 -0.000094539 0.131056085 -0.043405373 0.990424275
1305031947.968976 0.222032338 0.311473608 -0.513831496 -0.000333336 0.121716648 -0.050006911 0.991304338
1305031948.004911 0.228639290 0.311568886 -0.516512930 -0.004447868 0.115964666 -0.055309955 0.991702199
1305031948.037003 0.237995476 0.308858663 -0.519973159 -0.006096995 0.108860336 -0.057748329 0.992359519
1305031948.068973 0.248999894 0.310862452 -0.522960424 -0.003044073 0.104087487 -0.060015403 0.992751062
1305031948.104993 0.254837334 0.311322957 -0.523598313 -0.001240432 0.102097586 -0.061805811 0.992851734
1305031948.136951 0.261682242 0.311674505 -0.524514556 -0.000592770 0.096598379 -0.063589677 0.993289888
1305031948.168952 0.270081222 0.309938967 -0.525107503 -0.000006013 0.088994637 -0.067166179 0.993764877
1305031948.204992 0.279154956 0.311063707 -0.526230872 0.002529397 0.080451801 -0.072782569 0.994094491
1305031948.237002 0.286839426 0.312120110 -0.526443422 0.003001652 0.073590070 -0.078544319 0.994186223
1305031948.269041 0.295535892 0.311958253 -0.524783969 0.002518617 0.065216020 -0.081469700 0.994536698
1305031948.304939 0.308101058 0.311628550 -0.524429321 0.002749667 0.055456568 -0.081383474 0.995135069
1305031948.337101 0.322497338 0.312152177 -0.525657415 0.001440257 0.050178792 -0.080045335 0.995526373
1305031948.368969 0.334002197 0.307937711 -0.524266660 -0.003877307 0.050243281 -0.078456044 0.995643139
1305031948.404989 0.345391810 0.306903481 -0.522432327 -0.005153995 0.051238015 -0.078826986 0.995557368
1305031948.436942 0.358409405 0.306536764 -0.519237459 -0.010293062 0.053245146 -0.077018932 0.995553672
1305031948.469170 0.368975669 0.305938840 -0.514371574 -0.015508753 0.054868877 -0.077318057 0.995374739
1305031948.505024 0.380831718 0.304416686 -0.511635125 -0.019582715 0.054387897 -0.076885656 0.995362818
1305031948.537017 0.395222515 0.300235689 -0.509461701 -0.025869889 0.054072652 -0.076349109 0.995277703
1305031948.568891 0.405621439 0.297041088 -0.505450308 -0.029525422 0.057771560 -0.078189746 0.994825125
1305031948.605001 0.420400381 0.295151383 -0.503851771 -0.031686019 0.058065150 -0.081170112 0.994502783
1305031948.636912 0.431586325 0.291808903 -0.500666678 -0.037065316 0.061462741 -0.085838273 0.993720412
1305031948.669040 0.443375885 0.288964927 -0.497999519 -0.039552256 0.063249417 -0.090295799 0.993117213
1305031948.705075 0.453578860 0.289794475 -0.495456696 -0.041745655 0.068446606 -0.096028700 0.992144585
1305031948.737063 0.462045431 0.284132093 -0.495387584 -0.048785381 0.074334122 -0.097362339 0.991269410
1305031948.768899 0.473140508 0.283877432 -0.494095415 -0.051228549 0.076535404 -0.094691895 0.991237283
1305031948.804975 0.485272408 0.283533126 -0.491827518 -0.056195635 0.079178415 -0.091247238 0.991083622
1305031948.837073 0.494837314 0.284364849 -0.488796264 -0.061283201 0.084009700 -0.087491967 0.990722895
1305031948.868835 0.506709397 0.288131833 -0.486192167 -0.067701124 0.086276919 -0.083672538 0.990440190
1305031948.905077 0.514701664 0.286403567 -0.482916981 -0.080678582 0.090517953 -0.078026041 0.989550114
1305031948.936996 0.522982121 0.288952410 -0.478350192 -0.088868581 0.092180640 -0.071502775 0.989187777
1305031948.968952 0.530232191 0.292218626 -0.474615008 -0.100813776 0.093019426 -0.068161078 0.988199413
1305031949.005006 0.543131649 0.294179767 -0.473680556 -0.116176307 0.086330183 -0.063891716 0.987404704
1305031949.037089 0.553164005 0.295839280 -0.468928128 -0.130960315 0.084823400 -0.061786141 0.985817850
1305031949.069061 0.559679329 0.297797680 -0.465107858 -0.147514269 0.088057525 -0.061298493 0.983223200
1305031949.105077 0.565183640 0.296093136 -0.462154120 -0.164021447 0.086706340 -0.058299247 0.980907857
1305031949.137263 0.572813392 0.299421459 -0.458448261 -0.177836925 0.080198042 -0.058765817 0.979024470
1305031949.168946 0.578067601 0.300831437 -0.455073684 -0.189831004 0.073589645 -0.061728004 0.977107167
1305031949.204940 0.583328068 0.301380366 -0.452217668 -0.201067746 0.064420737 -0.064459912 0.975328982
1305031949.237011 0.594052911 0.302899957 -0.449927598 -0.210598797 0.048198361 -0.070855990 0.973809302
1305031949.268994 0.601470768 0.305463850 -0.448056072 -0.216654345 0.036209397 -0.076945469 0.972537518
1305031949.305254 0.606404185 0.301868856 -0.445234060 -0.226899728 0.027450746 -0.082997814 0.969986796
1305031949.337227 0.613669634 0.304740548 -0.444135666 -0.226619422 0.018181136 -0.092402197 0.969419897
1305031949.368902 0.624785364 0.304989070 -0.442590028 -0.231816486 0.005416983 -0.102816902 0.967295408
1305031949.405064 0.632952988 0.302033007 -0.441172093 -0.238326594 -0.001006061 -0.114471644 0.964414716
1305031949.437094 0.638070047 0.296261221 -0.439896166 -0.241644442 -0.005142660 -0.124017611 0.962393463
1305031949.468902 0.645683944 0.296735287 -0.441111743 -0.236772791 -0.013361256 -0.132919893 0.962336957
1305031949.505002 0.650391579 0.292673856 -0.441733360 -0.238303840 -0.019431474 -0.138972953 0.960999608
1305031949.537017 0.654590607 0.285771728 -0.442000031 -0.239222154 -0.026030924 -0.143851846 0.959896743
1305031949.568988 0.661628544 0.280397952 -0.441403508 -0.233119115 -0.038400516 -0.147675827 0.960402369
1305031949.604798 0.667942643 0.276975811 -0.442915082 -0.222615406 -0.049390245 -0.155077234 0.961225271
1305031949.637172 0.669450641 0.269346207 -0.444001943 -0.216023400 -0.055120084 -0.162880063 0.961127341
1305031949.668955 0.674997747 0.259540915 -0.442865252 -0.206827790 -0.065991163 -0.164610431 0.962169886
1305031949.705003 0.679302394 0.255187392 -0.444747597 -0.190029919 -0.072202422 -0.169635713 0.964312792
1305031949.736949 0.681946814 0.248505875 -0.445151269 -0.179082394 -0.075495154 -0.172645599 0.965620756
1305031949.768985 0.682043910 0.238808498 -0.446131974 -0.168329239 -0.076908641 -0.173253477 0.967333198
1305031949.804939 0.684723318 0.231851801 -0.446785241 -0.151992530 -0.080528460 -0.173913196 0.969622433
1305031949.836964 0.687630594 0.225369737 -0.446725786 -0.135340825 -0.084545545 -0.174553752 0.971630573
1305031949.868951 0.686588943 0.218197629 -0.448726743 -0.118164010 -0.086476438 -0.177290976 0.973204494
1305031949.904851 0.693712652 0.210879564 -0.449112505 -0.099073455 -0.094951361 -0.174239323 0.975094557
1305031949.936858 0.694441736 0.208826885 -0.453071177 -0.075003639 -0.092341855 -0.178296745 0.976758778
1305031949.968881 0.698805630 0.204503745 -0.454005748 -0.055781830 -0.090119720 -0.177269369 0.978438735
1305031950.004952 0.700568736 0.197315037 -0.457076073 -0.038064536 -0.084587812 -0.175230131 0.980148137
1305031950.036989 0.701228976 0.193224147 -0.457670927 -0.017975358 -0.077505648 -0.170543969 0.982132673
1305031950.069081 0.705616951 0.179778904 -0.457297057 -0.003911344 -0.073775589 -0.162207842 0.983987033
1305031950.104966 0.705478787 0.172996134 -0.459771603 0.015094928 -0.066517375 -0.153658852 0.985767007
1305031950.136997 0.699948490 0.159318939 -0.461437583 0.037217397 -0.058849934 -0.143288061 0.987228513
1305031950.168914 0.701289713 0.151641116 -0.464693427 0.067823209 -0.055091832 -0.132994995 0.987257421
1305031950.204933 0.706028819 0.150638834 -0.458740383 0.098758891 -0.052263055 -0.122458324 0.986163914
1305031950.237027 0.713885725 0.148169607 -0.454572141 0.129830748 -0.052212127 -0.114765637 0.983487010
1305031950.269033 0.715850651 0.142967269 -0.457730532 0.153108299 -0.048299424 -0.112500325 0.980596066
1305031950.304978 0.716380656 0.137792394 -0.461944610 0.170867994 -0.042876139 -0.110238574 0.978168309
1305031950.337197 0.713756382 0.132940397 -0.461050183 0.189584047 -0.037929010 -0.110964075 0.974836528
1305031950.368911 0.713498771 0.130356386 -0.461417824 0.209028691 -0.035764646 -0.108420908 0.971222341
1305031950.404939 0.720300198 0.122721992 -0.468714982 0.224025428 -0.037761249 -0.113853469 0.967173219
1305031950.436983 0.718891919 0.113299228 -0.467182070 0.238702565 -0.041041598 -0.114335366 0.963464618
1305031950.468976 0.721392453 0.116314016 -0.468027920 0.254850626 -0.045596335 -0.115420088 0.958984017
1305031950.504938 0.720698893 0.115659282 -0.462196976 0.266099632 -0.048004556 -0.115686610 0.955773592
1305031950.536894 0.722562611 0.114632785 -0.466455430 0.271258235 -0.049884163 -0.113095626 0.954536498
1305031950.568883 0.726579905 0.117909804 -0.461647183 0.274811834 -0.049618609 -0.110780157 0.953805149
1305031950.604862 0.730061591 0.118914507 -0.460310459 0.274025023 -0.047655042 -0.107429676 0.954514623
1305031950.637006 0.730396867 0.123359248 -0.459790468 0.270719528 -0.044897713 -0.102851257 0.956094503
1305031950.668910 0.732605577 0.127357841 -0.452893674 0.263162851 -0.043311432 -0.100113086 0.958564997
1305031950.704873 0.733135164 0.125835195 -0.451516539 0.251201063 -0.044484328 -0.098554187 0.961876392
1305031950.736893 0.734347582 0.131296784 -0.443540663 0.239272177 -0.046197407 -0.099601924 0.964724839
1305031950.768897 0.732962906 0.136036977 -0.436450154 0.223084152 -0.047222573 -0.101879947 0.968309879
1305031950.804899 0.734311640 0.135127574 -0.436146617 0.203747243 -0.049507808 -0.104754463 0.972143292
1305031950.837135 0.737711370 0.135323822 -0.435086876 0.183874354 -0.051106952 -0.105883032 0.975892961
1305031950.869014 0.739052534 0.135471314 -0.431471437 0.164933026 -0.052015428 -0.104770139 0.979344010
1305031950.904883 0.743163049 0.137566373 -0.427924573 0.148050144 -0.054350033 -0.103824638 0.982012093
1305031950.936970 0.743347526 0.135730967 -0.423624068 0.129409581 -0.055246584 -0.103512801 0.984624863
1305031950.968904 0.745920181 0.134253338 -0.428778917 0.111676648 -0.057522438 -0.105159439 0.986489236
1305031951.004836 0.750073016 0.133773595 -0.433201671 0.098038271 -0.059810337 -0.108889379 0.987397730
1305031951.036930 0.752123654 0.133915126 -0.437063336 0.088468306 -0.061919667 -0.111433752 0.987887561
1305031951.069013 0.756474853 0.134861887 -0.433880180 0.080731995 -0.064635158 -0.116615795 0.987778008
1305031951.104800 0.758239686 0.135466054 -0.440426081 0.068640046 -0.064572804 -0.121996246 0.988046467
1305031951.136893 0.759139538 0.135477051 -0.443800896 0.058021609 -0.066364393 -0.128012940 0.987847149
1305031951.168908 0.762038469 0.136617810 -0.453476816 0.046235673 -0.070677854 -0.134094730 0.987362921
1305031951.204914 0.764987350 0.137519091 -0.466372162 0.030972308 -0.073962040 -0.146058574 0.986020923
1305031951.236957 0.766489387 0.138515577 -0.471568763 0.012384631 -0.078910440 -0.155279234 0.984636009
1305031951.268906 0.765939653 0.138052151 -0.469591439 -0.003770670 -0.080521241 -0.168698385 0.982366025
1305031951.304862 0.768117785 0.138461486 -0.477345318 -0.013264058 -0.082483724 -0.182775736 0.979598641
1305031951.336937 0.772873461 0.139931276 -0.494571179 -0.023475405 -0.084577255 -0.195125997 0.976842582
1305031951.368840 0.775516093 0.140275240 -0.505487204 -0.037234746 -0.083533660 -0.207844302 0.973877013
1305031951.404865 0.778573275 0.141464666 -0.514991641 -0.046968322 -0.082217187 -0.218970120 0.971126378
1305031951.436903 0.784513772 0.142803326 -0.533913374 -0.057330023 -0.080333166 -0.227203190 0.968833625
1305031951.468857 0.787615240 0.143430829 -0.541871786 -0.067036182 -0.072600037 -0.235654220 0.966800094
1305031951.504916 0.787872851 0.143754452 -0.546765208 -0.080155008 -0.063479230 -0.235445380 0.966494203
1305031951.536888 0.810598791 0.135339230 -0.542598009 -0.095014043 -0.067397080 -0.238490522 0.964132905
1305031951.569006 0.811168015 0.135958672 -0.542489350 -0.103855819 -0.055751357 -0.241274312 0.963271737
1305031951.604927 0.834145546 0.135995492 -0.539016783 -0.112124689 -0.059663292 -0.231591210 0.964486301
1305031951.636936 0.839514315 0.136163145 -0.536989331 -0.121896036 -0.051780734 -0.231689587 0.963732362
1305031951.668929 0.854430795 0.133811414 -0.538162470 -0.130531907 -0.047706578 -0.232458025 0.962625980
1305031951.704880 0.875549853 0.139100850 -0.530014873 -0.134686038 -0.048625223 -0.231563345 0.962223351
1305031951.736828 0.881117344 0.137403831 -0.529195547 -0.148247406 -0.038886886 -0.229309008 0.961211681
1305031951.768926 0.887602389 0.136456043 -0.526912868 -0.160537317 -0.030228257 -0.227036878 0.960087657
1305031951.804886 0.894456804 0.132367477 -0.527565837 -0.171702310 -0.020452624 -0.224455655 0.959020197
1305031951.836932 0.902276158 0.130196363 -0.524946690 -0.181738049 -0.010802973 -0.223896086 0.957457662
1305031951.868913 0.936428785 0.138088867 -0.504706621 -0.184116051 -0.020892195 -0.218374714 0.958111286
1305031951.904907 0.945708692 0.134771496 -0.502406240 -0.193125755 -0.013425793 -0.214506179 0.957344949
1305031951.936962 0.958270788 0.136526734 -0.492613375 -0.198641136 -0.009000745 -0.210935146 0.957061708
1305031951.968839 0.962337792 0.135169312 -0.489761591 -0.204713032 -0.001703371 -0.207004070 0.956681252
1305031952.004839 0.965712667 0.133531049 -0.485331655 -0.211251020 0.001311453 -0.204086050 0.955887139
1305031952.037104 0.982759356 0.131247804 -0.473963618 -0.215856552 -0.011283363 -0.202015802 0.955232024
1305031952.068888 0.986529291 0.126076788 -0.469859987 -0.217802048 -0.013927613 -0.205162942 0.954084098
1305031952.105135 0.997272432 0.123983398 -0.461909056 -0.213938594 -0.025150629 -0.206925780 0.954347670
1305031952.136943 1.004137874 0.124733880 -0.459143311 -0.205800414 -0.035741080 -0.213429049 0.954367220
1305031952.168932 1.002565503 0.121415555 -0.458765835 -0.205688208 -0.044243265 -0.222779304 0.951895118
1305031952.204914 1.017715812 0.118906453 -0.447672725 -0.206429899 -0.069673017 -0.228455901 0.948862612
1305031952.236877 1.020457864 0.113835976 -0.441576451 -0.204758018 -0.084640987 -0.244770974 0.943926513
1305031952.268902 1.026773810 0.111383468 -0.440044135 -0.200165600 -0.099855796 -0.256131381 0.940403759
1305031952.304888 1.035929084 0.099228136 -0.430592537 -0.207307935 -0.117459409 -0.264275014 0.934550941
1305031952.336993 1.039689064 0.089092642 -0.424115837 -0.205783099 -0.126071244 -0.275996923 0.930368245
1305031952.368960 1.049668670 0.082037047 -0.418393523 -0.200942010 -0.133910134 -0.281532258 0.928671062
1305031952.404918 1.052499771 0.075713024 -0.414466321 -0.200486451 -0.131353214 -0.282309949 0.928898573
1305031952.437054 1.055995345 0.071072526 -0.409976929 -0.198043466 -0.128584921 -0.278654069 0.930911720
1305031952.468939 1.059862614 0.068155080 -0.404206723 -0.195400789 -0.128097042 -0.274895817 0.932653189
1305031952.504868 1.064392805 0.062185690 -0.398790359 -0.193550020 -0.128467992 -0.272942573 0.933561325
1305031952.536948 1.067188263 0.056995306 -0.393183321 -0.191048473 -0.127550557 -0.272173047 0.934426606
1305031952.568932 1.068491340 0.051516000 -0.387943327 -0.186009154 -0.126635209 -0.271737546 0.935693800
1305031952.604926 1.072824359 0.049264580 -0.383386105 -0.178896651 -0.129338413 -0.269279003 0.937420070
1305031952.636992 1.075397849 0.046774082 -0.378404707 -0.172468856 -0.132156536 -0.267024308 0.938875496
1305031952.668899 1.075442076 0.040798128 -0.373491019 -0.167008385 -0.136184156 -0.266188174 0.939524293
1305031952.704918 1.075673103 0.039761651 -0.369262397 -0.157268226 -0.141436607 -0.261385769 0.941774845
1305031952.736938 1.075566173 0.037323251 -0.366699368 -0.148125082 -0.148968399 -0.257288665 0.943223119
1305031952.768957 1.077418804 0.036739152 -0.365167409 -0.138852924 -0.160473540 -0.254829228 0.943414092
1305031952.804919 1.072758675 0.034210943 -0.363501459 -0.131069571 -0.172249332 -0.254632711 0.942503631
1305031952.836931 1.071238875 0.030361880 -0.362191230 -0.121029988 -0.188924208 -0.254421651 0.940706670
1305031952.868991 1.075445056 0.029126290 -0.361888498 -0.111091077 -0.207992405 -0.251147330 0.938788056
1305031952.904920 1.071624041 0.024318146 -0.358764708 -0.099975444 -0.224198699 -0.255212307 0.935204029
1305031952.936984 1.080117702 0.020019239 -0.359416425 -0.085778378 -0.246272832 -0.253402114 0.931546628
1305031952.972903 1.077962518 0.020192780 -0.360756814 -0.080617629 -0.258448690 -0.260129720 0.926842809
1305031953.004869 1.083860874 0.010960856 -0.353946924 -0.079482265 -0.277809501 -0.256788731 0.922260284
1305031953.036943 1.087725043 0.005682172 -0.352173477 -0.072780110 -0.289973468 -0.259439915 0.918318748
1305031953.073127 1.089398265 0.003861920 -0.351770282 -0.066402234 -0.296662211 -0.262836277 0.915696144
1305031953.104909 1.091728449 -0.000909331 -0.349387884 -0.064495683 -0.305015653 -0.264061302 0.912730753
1305031953.137098 1.093039274 -0.003917295 -0.349149674 -0.061347112 -0.311015457 -0.266759306 0.910134792
1305031953.172998 1.093353510 -0.008992161 -0.347371191 -0.057936452 -0.316373706 -0.270839691 0.907302022
1305031953.204992 1.094754219 -0.013624341 -0.348127872 -0.053317863 -0.321664274 -0.275883883 0.904199839
1305031953.237103 1.094060898 -0.016795691 -0.348737687 -0.048172459 -0.327584803 -0.281904638 0.900498390
1305031953.273087 1.094285965 -0.021424517 -0.349568069 -0.044365957 -0.335647464 -0.287397414 0.895977199
1305031953.304968 1.094954610 -0.023788555 -0.348818183 -0.038593858 -0.342631757 -0.290996671 0.892432034
1305031953.337012 1.093326330 -0.026217062 -0.350265563 -0.032771647 -0.347536415 -0.293610185 0.889908671
1305031953.372964 1.092522502 -0.028571412 -0.352930605 -0.027609320 -0.353999615 -0.294225574 0.887329280
1305031953.404920 1.091380715 -0.030279491 -0.355830610 -0.023792254 -0.361413538 -0.293436557 0.884708524
1305031953.436876 1.092093587 -0.030583104 -0.358544976 -0.022527087 -0.370362997 -0.292245209 0.881428659
1305031953.473261 1.088464975 -0.032756947 -0.363289356 -0.025726249 -0.374064028 -0.291167021 0.880134106
1305031953.504919 1.086746216 -0.034718476 -0.366128623 -0.028472947 -0.379034668 -0.287083924 0.879263818
1305031953.536948 1.086075425 -0.031577010 -0.373453647 -0.030646320 -0.382048577 -0.284334242 0.878779650
1305031953.572862 1.084309101 -0.032139868 -0.374715507 -0.036172524 -0.384485960 -0.285526603 0.877118409
1305031953.604882 1.085767746 -0.032243513 -0.378842622 -0.040795080 -0.385091126 -0.285206378 0.876754165
1305031953.636962 1.085409880 -0.032164522 -0.383077413 -0.051941283 -0.382951170 -0.282846540 0.877865791
1305031953.673021 1.081666470 -0.032956857 -0.386464119 -0.060559142 -0.378548503 -0.279333442 0.880344510
1305031953.704929 1.081415296 -0.029910192 -0.390930772 -0.064068548 -0.373825252 -0.274485201 0.883633256
1305031953.736982 1.082689881 -0.025879510 -0.393453330 -0.070779562 -0.370431244 -0.270669818 0.885725021
1305031953.772886 1.080281496 -0.026600346 -0.397996426 -0.079019390 -0.365366727 -0.267300308 0.888151765
1305031953.804859 1.081476927 -0.023431910 -0.399812222 -0.085203871 -0.360506684 -0.258288652 0.892223179
1305031953.836840 1.084720612 -0.021960603 -0.404305756 -0.094596989 -0.352396756 -0.252663642 0.896118879
1305031953.872987 1.083256364 -0.019052872 -0.407610804 -0.101207353 -0.340284795 -0.245453194 0.902062118
1305031953.904912 1.084731460 -0.015836040 -0.407799065 -0.106506221 -0.328798890 -0.239244908 0.907364130
1305031953.936924 1.083660483 -0.014099137 -0.409514427 -0.114385806 -0.312191606 -0.237623781 0.912681341
1305031953.972857 1.083256364 -0.011929549 -0.413056672 -0.116661236 -0.295572519 -0.236003786 0.918329597
1305031954.004852 1.084379196 -0.011110547 -0.416292280 -0.116755582 -0.277817279 -0.236289188 0.923771143
1305031954.036921 1.084589720 -0.009006628 -0.421698749 -0.118950419 -0.258672059 -0.240406737 0.927978516
1305031954.072918 1.077357531 -0.005459723 -0.426702142 -0.120803609 -0.239384025 -0.244130254 0.931934655
1305031954.104933 1.077438712 -0.004995244 -0.429430306 -0.120514877 -0.226300806 -0.246477365 0.934619188
1305031954.136939 1.073709130 -0.005770693 -0.433437347 -0.121133022 -0.210006729 -0.249205500 0.937614322
1305031954.172997 1.069028139 -0.005659153 -0.440313309 -0.120488323 -0.193801776 -0.250591010 0.940812171
1305031954.204838 1.061480165 -0.008442164 -0.447208822 -0.120052554 -0.178603068 -0.251519531 0.943623960
1305031954.237023 1.054585218 -0.008453422 -0.454455554 -0.115289867 -0.166266069 -0.252199322 0.946287155
1305031954.272870 1.048396230 -0.008308294 -0.460922748 -0.109373942 -0.157962486 -0.251693279 0.948543966
1305031954.304869 1.041841269 -0.006400303 -0.471504658 -0.102899551 -0.149432629 -0.250097901 0.951069176
1305031954.336921 1.036156774 -0.004013434 -0.480103940 -0.100946963 -0.142278731 -0.247664690 0.953010321
1305031954.372872 1.029925346 -0.003517997 -0.488028258 -0.101034664 -0.136917472 -0.246746406 0.954024017
1305031954.404711 1.020908594 0.000455778 -0.494187891 -0.098202124 -0.131321728 -0.249542639 0.954379022
1305031954.436896 1.016856551 0.002517078 -0.504303336 -0.095520787 -0.126552776 -0.251580626 0.954760373
1305031954.472974 1.010704041 0.007019704 -0.511742175 -0.096458159 -0.119346879 -0.249346599 0.956179082
1305031954.504827 1.000589252 0.008900058 -0.518763185 -0.099828809 -0.110673144 -0.245174691 0.957953513
1305031954.536934 0.995554805 0.012808748 -0.526584387 -0.100729510 -0.103816278 -0.240170985 0.959892511
1305031954.572946 0.986390471 0.016728394 -0.534270167 -0.105157159 -0.092290528 -0.234918505 0.961892784
1305031954.604885 0.972717702 0.014236195 -0.538501263 -0.109509774 -0.082733370 -0.226443395 0.964306056
1305031954.636862 0.962368309 0.010524114 -0.544134676 -0.105795212 -0.077515520 -0.222007021 0.966184020
1305031954.672891 0.955094457 0.019975428 -0.553160131 -0.093733013 -0.074184090 -0.219805494 0.968192339
1305031954.704892 0.947933197 0.026576387 -0.560508251 -0.088482566 -0.074387901 -0.218200788 0.969033360
1305031954.736939 0.938942134 0.028401328 -0.565493882 -0.087884314 -0.073764622 -0.220123023 0.968700647
1305031954.773183 0.928213477 0.029653771 -0.570877671 -0.085675195 -0.073849522 -0.222418115 0.968367815
1305031954.804833 0.924199581 0.034370888 -0.576299191 -0.081314608 -0.074813686 -0.221433491 0.968895257
1305031954.836924 0.915700495 0.037016917 -0.580142200 -0.081177972 -0.070930235 -0.220544755 0.969401360
1305031954.873001 0.908647597 0.036569357 -0.584464967 -0.079955779 -0.067797750 -0.220481992 0.969741285
1305031954.904866 0.906654358 0.043614198 -0.589129627 -0.076236174 -0.062520340 -0.216778755 0.971229196
1305031954.937022 0.897155166 0.044654746 -0.592106104 -0.078775980 -0.054706026 -0.212330773 0.972479939
1305031954.972931 0.893185079 0.047310919 -0.596289158 -0.077901214 -0.050765544 -0.211896032 0.972858846
1305031955.004936 0.888664246 0.051781613 -0.598789692 -0.077761494 -0.044703104 -0.211153537 0.973328769
1305031955.036969 0.882713616 0.055372175 -0.600977540 -0.078251302 -0.039106604 -0.211368710 0.973483801
1305031955.073048 0.882219970 0.062604770 -0.604068100 -0.078221217 -0.035730898 -0.211460561 0.973596036
1305031955.104929 0.874593198 0.066937558 -0.604780555 -0.083024926 -0.029048951 -0.211139813 0.973490119
1305031955.136878 0.870718777 0.071215630 -0.606231630 -0.086799346 -0.026566459 -0.211118311 0.973236442
1305031955.173003 0.868780911 0.077214435 -0.606962860 -0.091292553 -0.024442624 -0.210837215 0.972941875
1305031955.204960 0.863099277 0.080549464 -0.606485724 -0.097769693 -0.021837566 -0.210850790 0.972371399
1305031955.236857 0.861202896 0.082282685 -0.607121110 -0.102488548 -0.021883700 -0.214431629 0.971100509
1305031955.272905 0.860019982 0.087032229 -0.607068539 -0.105713397 -0.019809144 -0.215868458 0.970480859
1305031955.304880 0.856994092 0.087969609 -0.605834305 -0.110750422 -0.017483905 -0.215584204 0.970026851
1305031955.337035 0.856353760 0.089676186 -0.605437517 -0.112861060 -0.015775412 -0.214099392 0.970141768
1305031955.372861 0.855148315 0.090381131 -0.604612410 -0.116941072 -0.011887087 -0.211702392 0.970239997
1305031955.404928 0.854037881 0.090873979 -0.603847504 -0.119403116 -0.008365297 -0.207587898 0.970865667
1305031955.436909 0.853932559 0.091767408 -0.603041232 -0.121589907 -0.004864500 -0.203312948 0.971522570
1305031955.472931 0.851400316 0.091643170 -0.602243900 -0.123720936 -0.001699510 -0.201649696 0.971610844
1305031955.504893 0.852519393 0.093416765 -0.602707505 -0.124173477 -0.001336750 -0.200943455 0.971700013
1305031955.536891 0.850276649 0.093647107 -0.601769686 -0.126510784 0.001112445 -0.198493168 0.971902370
1305031955.572893 0.849993050 0.091364138 -0.601565361 -0.127157524 0.000609093 -0.197736576 0.971972644
1305031955.604944 0.850222290 0.091819093 -0.602414668 -0.126040637 0.001085437 -0.198067039 0.972050428
1305031955.636881 0.849565148 0.093605220 -0.602300584 -0.125002980 0.002026311 -0.195722640 0.972657621
1305031955.672837 0.850101888 0.092948303 -0.602917969 -0.125806227 0.001248874 -0.194142580 0.972871959
1305031955.704890 0.850006402 0.091344148 -0.602513254 -0.126580343 0.001435917 -0.193458021 0.972907662
1305031955.736903 0.850430012 0.091953784 -0.602709889 -0.125366911 0.001833495 -0.191383988 0.973474145
1305031955.772963 0.850826323 0.091821074 -0.602898717 -0.124729261 0.001713414 -0.189960673 0.973834991
1305031955.804902 0.850838065 0.090930343 -0.603769064 -0.124198534 0.002277771 -0.187912703 0.974298894
1305031955.837019 0.851468503 0.091162108 -0.604313672 -0.123267531 0.002378661 -0.186745346 0.974641263
1305031955.872917 0.850883186 0.090177648 -0.604687870 -0.122745298 0.002683242 -0.185311243 0.974980056
1305031955.904911 0.852431953 0.091554143 -0.606323957 -0.121526964 0.002581943 -0.182773992 0.975611687
1305031955.937291 0.851398766 0.090905793 -0.606115401 -0.122397743 0.002708460 -0.182019532 0.975643575
1305031955.973194 0.851881266 0.090450592 -0.606736660 -0.121678993 0.001262261 -0.181243151 0.975880921
1305031956.004870 0.853176475 0.088939980 -0.607678771 -0.121116899 0.001172825 -0.180619150 0.976066649
1305031956.036937 0.852247000 0.088774107 -0.608097017 -0.120079257 0.003215234 -0.180056646 0.976294160
1305031956.073037 0.852451026 0.088114277 -0.608584523 -0.118604422 0.003179770 -0.178667530 0.976729631
1305031956.104901 0.854117453 0.088319428 -0.609868586 -0.116348036 0.003330593 -0.177298769 0.977249801
1305031956.136924 0.854256451 0.088697784 -0.610420048 -0.115929157 0.005120400 -0.176919103 0.977360666
