1305031454.359636 -0.027770452 -0.000484716 0.005029723 0.002372817 -0.029792538 -0.042514864 0.998648703
1305031454.391677 -0.035050761 0.003547256 0.004848021 0.003704719 -0.038183779 -0.054503649 0.997776330
1305031454.427465 -0.043648724 -0.000044514 0.001733737 0.002415181 -0.051520750 -0.069676787 0.996235371
1305031454.459913 -0.051218092 0.006226325 0.004399492 0.005736907 -0.061489701 -0.085363127 0.994434118
1305031454.491617 -0.052509915 0.007636460 0.001391464 0.005381463 -0.068914220 -0.101947799 0.992385268
1305031454.527700 -0.057975207 0.016625684 0.004850320 0.005377410 -0.077181481 -0.117177531 0.990092695
1305031454.559575 -0.070495948 0.021795584 -0.002436564 0.002016190 -0.081314065 -0.131552860 0.987966478
1305031454.591635 -0.073929146 0.025981139 0.002506689 -0.001653584 -0.095349044 -0.147253945 0.984490752
1305031454.627580 -0.075420983 0.032336645 0.000625150 -0.002088378 -0.110743456 -0.158940434 0.981055260
1305031454.659528 -0.079589479 0.039904136 -0.004309531 -0.006266513 -0.123501666 -0.166179970 0.978310943
1305031454.691884 -0.080943488 0.040206891 -0.006995530 -0.013498042 -0.139957651 -0.172327131 0.974952877
1305031454.727659 -0.076013744 0.049802251 -0.001923043 -0.013820083 -0.156402245 -0.173713952 0.972198963
1305031454.759732 -0.067567416 0.054241482 -0.003528064 -0.018023038 -0.165504739 -0.168380514 0.971561313
1305031454.791641 -0.067711934 0.062890664 -0.005814683 -0.020461630 -0.166756526 -0.159611225 0.972778380
1305031454.827570 -0.063061900 0.073189437 -0.008145715 -0.021859819 -0.168296009 -0.153035611 0.973539293
1305031454.859620 -0.060745500 0.080979511 -0.009827477 -0.026201276 -0.165068820 -0.145337790 0.975162923
1305031454.891764 -0.060036171 0.087308586 -0.012517374 -0.029562909 -0.159549370 -0.138260707 0.977012813
1305031454.927567 -0.058968946 0.087786853 -0.013348040 -0.036784828 -0.154630452 -0.125869796 0.979230881
1305031454.959648 -0.063934565 0.093616322 -0.018649684 -0.040172230 -0.147424102 -0.119709991 0.980980039
1305031454.991937 -0.073960721 0.103090689 -0.023685273 -0.040914759 -0.141053408 -0.114222512 0.982539117
1305031455.027799 -0.078652263 0.111341111 -0.029199995 -0.040841937 -0.139325827 -0.111308031 0.983122945
1305031455.059636 -0.086008437 0.119783781 -0.029941773 -0.041083746 -0.135145411 -0.108716443 0.983986080
1305031455.091700 -0.094760880 0.125646845 -0.035894856 -0.038870208 -0.129798099 -0.109532192 0.984705210
1305031455.127695 -0.099047035 0.131228760 -0.033369832 -0.037676018 -0.124995641 -0.107238047 0.985624969
1305031455.159720 -0.111271501 0.135528132 -0.039367214 -0.039328977 -0.118196093 -0.103576966 0.986790121
1305031455.191655 -0.123044111 0.143418968 -0.038679142 -0.040818859 -0.112885550 -0.097513802 0.987968504
1305031455.227581 -0.134482369 0.146602094 -0.041498970 -0.041151643 -0.108011454 -0.091907166 0.989036441
1305031455.259631 -0.146202579 0.160176307 -0.042379405 -0.040245976 -0.101831503 -0.085008532 0.990345478
1305031455.291831 -0.160658464 0.159233510 -0.044459611 -0.049265526 -0.094066329 -0.074741699 0.991533220
1305031455.327766 -0.176395878 0.165855303 -0.046689134 -0.052539110 -0.088583194 -0.062716082 0.992703021
1305031455.359630 -0.186440676 0.175714716 -0.049447317 -0.057609241 -0.086041965 -0.055186104 0.993092358
1305031455.391665 -0.187002689 0.168498650 -0.043173444 -0.070291288 -0.082106858 -0.046290446 0.993063331
1305031455.427642 -0.204430372 0.166602746 -0.048523672 -0.077767670 -0.071705550 -0.035075676 0.993770719
1305031455.459589 -0.216495693 0.163849503 -0.047294583 -0.082747698 -0.066924565 -0.026408931 0.993970037
1305031455.491637 -0.232766524 0.164981946 -0.051607009 -0.085493386 -0.060525466 -0.015221537 0.994382143
1305031455.527610 -0.250019789 0.160354599 -0.052192770 -0.089135803 -0.053993206 -0.002540885 0.994551718
1305031455.559669 -0.270942450 0.153556824 -0.058215123 -0.090890288 -0.050334159 0.010617617 0.994531393
1305031455.591645 -0.287387609 0.159561008 -0.059384122 -0.087709673 -0.048714112 0.025212999 0.994634748
1305031455.627617 -0.303030401 0.150035501 -0.058700144 -0.092828929 -0.045350108 0.038536120 0.993901968
1305031455.659615 -0.317430168 0.139638066 -0.062784880 -0.092212155 -0.041433584 0.043600943 0.993921041
1305031455.691605 -0.337310135 0.135924786 -0.066056974 -0.088730752 -0.036884729 0.041584708 0.994503379
1305031455.727628 -0.351107180 0.132731944 -0.069959976 -0.086869612 -0.032765545 0.036084414 0.995026588
1305031455.759683 -0.367997944 0.129999176 -0.072469167 -0.085365303 -0.025757279 0.032870550 0.995474160
1305031455.791666 -0.383536965 0.113808312 -0.077505469 -0.087940358 -0.018502580 0.031861652 0.995444119
1305031455.827590 -0.401464731 0.109750465 -0.083708577 -0.084565036 -0.012985521 0.031294033 0.995841742
1305031455.859526 -0.417249382 0.099713072 -0.088449821 -0.086285338 -0.008960335 0.029441761 0.995795012
1305031455.891657 -0.431561440 0.094132118 -0.093095295 -0.086015746 -0.004443268 0.028276505 0.995882511
1305031455.927955 -0.424245358 0.086127803 -0.097449549 -0.089158632 -0.005652217 0.028800152 0.995584905
1305031455.959716 -0.437353075 0.082504705 -0.102506302 -0.088636607 -0.000739573 0.025832973 0.995728731
1305031455.991694 -0.446392715 0.079133548 -0.105074503 -0.090950526 0.003686891 0.023726344 0.995565891
1305031456.027770 -0.456809580 0.081540957 -0.111067235 -0.094300948 0.009895834 0.019620832 0.995301187
1305031456.059713 -0.469480872 0.072826527 -0.109198615 -0.106122710 0.015408188 0.012441238 0.994155824
1305031456.091707 -0.483865172 0.060753874 -0.107146226 -0.114972107 0.021531736 0.006858377 0.993111670
1305031456.127645 -0.485686123 0.051213335 -0.107822075 -0.118579179 0.023265181 0.006250423 0.992652297
1305031456.159731 -0.491864145 0.038254168 -0.104919650 -0.122899354 0.028684108 0.005418826 0.991989732
1305031456.191658 -0.495742261 0.026396558 -0.104356535 -0.120879598 0.036323741 0.007418147 0.991974652
1305031456.227678 -0.504637003 0.030553512 -0.105890498 -0.115558907 0.047872391 0.009034040 0.992105246
1305031456.259614 -0.511458457 0.020980375 -0.099712454 -0.119404107 0.059286624 0.011234792 0.991010368
1305031456.291675 -0.522230387 0.009405873 -0.092791148 -0.119812138 0.072832428 0.014240168 0.990019083
1305031456.327718 -0.528114021 0.003956504 -0.087577187 -0.115954921 0.084255494 0.019255815 0.989487112
1305031456.359846 -0.534195423 0.011386920 -0.086450748 -0.108399123 0.096625969 0.023782844 0.989114463
1305031456.391619 -0.542950928 -0.002377778 -0.073899589 -0.112613209 0.110966533 0.026217699 0.987075150
1305031456.427662 -0.557550609 0.000807410 -0.067419901 -0.103546351 0.126176044 0.030274095 0.986124337
1305031456.459610 -0.573579371 0.012743139 -0.061878130 -0.097840399 0.134876788 0.036528315 0.985343158
1305031456.491677 -0.585105062 0.015011863 -0.048938330 -0.102111362 0.136863783 0.043195009 0.984365702
1305031456.527641 -0.594212711 0.011138991 -0.037143655 -0.108412892 0.136961833 0.048414253 0.983434856
1305031456.559608 -0.597299457 0.000767974 -0.023322189 -0.114269614 0.137359515 0.053825404 0.982434571
1305031456.591651 -0.603341579 0.013139118 -0.019889962 -0.108376682 0.140901312 0.060000468 0.982243001
1305031456.627612 -0.610393763 0.022484396 -0.010954627 -0.117809623 0.146124735 0.068925329 0.979804933
1305031456.659665 -0.617483914 0.003315183 0.010534054 -0.136211842 0.153129771 0.076530710 0.975776970
1305031456.691612 -0.630951345 0.007842498 0.023306130 -0.130752072 0.160562128 0.084287658 0.974689364
1305031456.727693 -0.644876838 0.019102646 0.030469317 -0.129922509 0.165529668 0.094128519 0.973067284
1305031456.759615 -0.654100418 0.002948466 0.047229588 -0.140380979 0.164598569 0.102769062 0.970896006
1305031456.791649 -0.659644842 0.004119230 0.056991629 -0.133946881 0.157638937 0.109791331 0.972190320
1305031456.827603 -0.664543509 0.023573626 0.064472184 -0.126642242 0.153960437 0.118395813 0.972748816
1305031456.859634 -0.668790042 0.021674158 0.077658243 -0.133654818 0.155164570 0.125128284 0.970774531
1305031456.891672 -0.669904530 0.014025618 0.089576453 -0.138989687 0.157010615 0.130471617 0.969023526
1305031456.927690 -0.677980006 0.020330476 0.098061956 -0.131654352 0.164297089 0.135166019 0.968196094
1305031456.959667 -0.689004004 0.033771440 0.103618458 -0.128117397 0.170948565 0.140426069 0.966769397
1305031456.991709 -0.696615934 0.030485360 0.116467051 -0.137513965 0.176185831 0.143091083 0.964143872
1305031457.027648 -0.705037177 0.026976870 0.123454235 -0.140377089 0.181517318 0.146275476 0.962262571
1305031457.059621 -0.714101434 0.034769271 0.124824502 -0.139913142 0.185763285 0.152247384 0.960592031
1305031457.091655 -0.721430123 0.028844928 0.132920697 -0.150624633 0.191060528 0.157592654 0.957064569
1305031457.127632 -0.727286041 0.019553512 0.138517231 -0.156303421 0.197300181 0.161986977 0.954149902
1305031457.159693 -0.737045944 0.018323373 0.140351862 -0.153316587 0.205164105 0.167546377 0.952013612
1305031457.191735 -0.750282645 0.017465785 0.140627563 -0.151551351 0.214412913 0.172477156 0.949373960
1305031457.227543 -0.762280345 0.012052136 0.143712699 -0.155199274 0.222748399 0.177804068 0.945876300
1305031457.259691 -0.768196762 -0.002362675 0.146003947 -0.156842351 0.229041561 0.183353782 0.943038642
1305031457.291656 -0.781572402 -0.003422825 0.143239543 -0.147261009 0.239153564 0.186940596 0.941367626
1305031457.327548 -0.797015965 -0.003273207 0.141124189 -0.142771766 0.251055509 0.190086693 0.938325286
1305031457.359712 -0.806213200 -0.012866579 0.141531587 -0.145154640 0.261372358 0.194650754 0.934197843
1305031457.391684 -0.821496487 -0.022189250 0.142542928 -0.139973953 0.275804222 0.200341836 0.929624856
1305031457.427641 -0.840150356 -0.029489497 0.142166555 -0.137124389 0.286724538 0.204964072 0.925729811
1305031457.459614 -0.854737043 -0.037546020 0.142259538 -0.136009395 0.291512042 0.209563628 0.923366249
1305031457.491705 -0.863345325 -0.048907682 0.140772879 -0.135885403 0.292972803 0.213292703 0.922067404
1305031457.527638 -0.874006450 -0.059875090 0.138009965 -0.133155301 0.296739846 0.215141550 0.920830727
1305031457.559685 -0.887018442 -0.065303333 0.136237532 -0.128215432 0.302838057 0.217178717 0.919066548
1305031457.591678 -0.904422224 -0.071257524 0.137442634 -0.124382593 0.310149401 0.219089136 0.916698575
1305031457.627526 -0.912163317 -0.085455447 0.137281775 -0.126507208 0.311516941 0.222406000 0.915144086
1305031457.659632 -0.929218590 -0.084693730 0.135519266 -0.119323231 0.315553546 0.224273771 0.914269745
1305031457.691570 -0.938528836 -0.093386576 0.136561245 -0.124315403 0.315113217 0.228193536 0.912785351
1305031457.727669 -0.944660485 -0.111924164 0.140971318 -0.129834339 0.316467524 0.227845371 0.911634743
1305031457.759556 -0.954160988 -0.124681041 0.142875135 -0.129000217 0.319460720 0.225527346 0.911285460
1305031457.791567 -0.952040732 -0.144078538 0.142754555 -0.127342403 0.321707845 0.224498466 0.910982132
1305031457.827699 -0.970012963 -0.144099280 0.140995875 -0.114739500 0.332908005 0.221368805 0.909397006
1305031457.859623 -0.978495359 -0.154491797 0.143720806 -0.113951243 0.341051549 0.220222294 0.906753004
1305031457.891593 -0.986530781 -0.173755020 0.152093425 -0.111288011 0.350133806 0.217035130 0.904387653
1305031457.927633 -1.003141880 -0.178653106 0.159572870 -0.096368626 0.359515727 0.217664853 0.902265787
1305031457.959632 -1.015353084 -0.183522910 0.165633157 -0.089579187 0.363084763 0.218744218 0.901274621
1305031457.991644 -1.017864466 -0.199597925 0.170098618 -0.087211654 0.363899410 0.220547408 0.900738657
1305031458.027845 -1.022917271 -0.209576964 0.178078681 -0.079877980 0.368959218 0.218255147 0.899918437
1305031458.059689 -1.036719680 -0.203280270 0.184566885 -0.067709848 0.375902444 0.217492640 0.898225844
1305031458.091690 -1.046639919 -0.204681203 0.195934325 -0.067166507 0.381480902 0.218302444 0.895714760
1305031458.127605 -1.052674174 -0.215132758 0.210315764 -0.070487007 0.386150986 0.218795136 0.893335164
1305031458.159638 -1.059950709 -0.225015908 0.226566106 -0.070056878 0.390693843 0.219940126 0.891109824
1305031458.191646 -1.071254373 -0.221515790 0.240273520 -0.066147365 0.392168492 0.223210707 0.889946818
1305031458.227611 -1.077184081 -0.227245614 0.260702878 -0.074477784 0.391179353 0.225458294 0.889157057
1305031458.259934 -1.074836135 -0.252796918 0.280954868 -0.083302923 0.390265346 0.225455150 0.888776422
1305031458.291664 -1.086313963 -0.255090147 0.301640719 -0.073269241 0.390710115 0.222142026 0.890297771
1305031458.327628 -1.086935759 -0.257171065 0.314824551 -0.069660790 0.384619951 0.225565225 0.892376125
1305031458.359590 -1.083088040 -0.274178445 0.331748098 -0.066308282 0.381562650 0.226093277 0.893809259
1305031458.391626 -1.087170005 -0.270823151 0.343832016 -0.051544502 0.380940199 0.227181405 0.894771636
1305031458.427598 -1.086796045 -0.269689530 0.359232187 -0.042042773 0.383333921 0.232019961 0.893002987
1305031458.459637 -1.078191519 -0.277017146 0.368086278 -0.031802740 0.387815475 0.237313285 0.890095592
1305031458.491696 -1.077637315 -0.270658493 0.383247048 -0.009509246 0.400653929 0.228957757 0.887110114
1305031458.527737 -1.082722783 -0.260654122 0.399786860 0.007118819 0.414020658 0.221108094 0.882976413
1305031458.559628 -1.080753922 -0.253630191 0.415138185 0.013356939 0.422962755 0.215757906 0.879984438
1305031458.591641 -1.081853867 -0.249487489 0.440447330 0.020528993 0.432146907 0.205573097 0.877819598
1305031458.627659 -1.088770390 -0.220416918 0.461025178 0.029277902 0.434068799 0.198849246 0.878172040
1305031458.659623 -1.090809941 -0.226121798 0.478966504 0.020526798 0.432086855 0.201289445 0.878841400
1305031458.691674 -1.095241427 -0.223571986 0.494960964 0.013568045 0.418898761 0.195502669 0.886633217
1305031458.727650 -1.080853105 -0.223268300 0.509377897 0.012356751 0.404697061 0.191894546 0.894004464
1305031458.759945 -1.080691576 -0.219006047 0.517753839 0.017023081 0.389922351 0.180666745 0.902790248
1305031458.791632 -1.070073843 -0.198044032 0.529326141 0.019675700 0.372832835 0.171823651 0.911638677
1305031458.827564 -1.060286045 -0.192174032 0.538403749 0.015726747 0.363031745 0.173635364 0.915320396
1305031458.859887 -1.052579522 -0.203860596 0.542641938 0.012902769 0.357993841 0.173180968 0.917432487
1305031458.891665 -1.048164368 -0.194972873 0.548466980 0.018765245 0.358273804 0.163143307 0.919060409
1305031458.927621 -1.053829908 -0.186583161 0.555473506 0.020645358 0.364845544 0.166110501 0.915897846
1305031458.959617 -1.050395370 -0.192255646 0.565143824 0.015022320 0.369917393 0.182103917 0.910919070
1305031458.991647 -1.050058484 -0.215782881 0.584831119 0.011003226 0.377978563 0.184907451 0.907094479
1305031459.027665 -1.064527750 -0.225010455 0.603290439 0.019485513 0.382053822 0.180756584 0.906080723
1305031459.059631 -1.072916865 -0.233751938 0.619955063 0.029662656 0.378788859 0.187315509 0.905843318
1305031459.091650 -1.085724115 -0.253028244 0.628232241 0.042916298 0.366134703 0.197911352 0.908259153
1305031459.127618 -1.104639411 -0.266101182 0.648981929 0.056915589 0.350833535 0.202666372 0.912470698
1305031459.159639 -1.104295969 -0.268612444 0.655335069 0.068758160 0.326585203 0.205047861 0.920092285
1305031459.191674 -1.103610754 -0.259981453 0.679414392 0.081705466 0.311924458 0.208757967 0.923280835
1305031459.227607 -1.110442162 -0.262090892 0.685294032 0.086626448 0.301024497 0.217384607 0.924458742
1305031459.259760 -1.102541447 -0.251704514 0.693731725 0.091806650 0.295060515 0.227412149 0.923468769
1305031459.291690 -1.103204489 -0.246901676 0.701770246 0.091576435 0.305181384 0.237902343 0.917540491
1305031459.327632 -1.104393005 -0.248271242 0.707458377 0.091712244 0.322431922 0.255536735 0.906822741
1305031459.359651 -1.112109184 -0.242260993 0.721342087 0.099735677 0.348855585 0.271051198 0.891562581
1305031459.391667 -1.117587805 -0.224573508 0.723554790 0.104990363 0.368997633 0.302030951 0.872694135
1305031459.427646 -1.117242098 -0.219505802 0.728519917 0.098446190 0.397539437 0.333869129 0.849000692
1305031459.459679 -1.121023297 -0.211163819 0.740216494 0.103749633 0.427612811 0.361334354 0.822083175
1305031459.491555 -1.145761013 -0.198772758 0.778385341 0.109936617 0.459067464 0.376209974 0.797268510
1305031459.527594 -1.152286768 -0.214207724 0.774619758 0.098359488 0.472608715 0.418202311 0.769462943
1305031459.559647 -1.166819215 -0.222121641 0.786383748 0.097642981 0.488876790 0.435951889 0.749273777
1305031459.591695 -1.183851480 -0.225637570 0.800208628 0.100453556 0.497520328 0.448089391 0.735933721
1305031459.627608 -1.188519478 -0.235323891 0.805438340 0.096711874 0.498122036 0.458771884 0.729417205
1305031459.659641 -1.190629125 -0.225766197 0.823311806 0.101604089 0.505494833 0.455696344 0.725597918
1305031459.691604 -1.197016716 -0.239831239 0.834690928 0.091087759 0.516300082 0.462455243 0.715033114
1305031459.727551 -1.202614069 -0.255128175 0.842010498 0.084237538 0.522937596 0.466573119 0.708343029
1305031459.759635 -1.206417203 -0.267260641 0.854837596 0.083537400 0.530936003 0.462835044 0.704919934
1305031459.791650 -1.214203954 -0.285947680 0.869631112 0.079817496 0.537257314 0.459785759 0.702553093
1305031459.827664 -1.218630552 -0.296062380 0.881190956 0.078522861 0.537801266 0.457982153 0.703460217
1305031459.859660 -1.223241091 -0.304414243 0.895554364 0.075422227 0.538255751 0.456699580 0.704285204
1305031459.891596 -1.223198295 -0.318618923 0.905338943 0.071079783 0.534054816 0.461953580 0.704508305
1305031459.927607 -1.222390294 -0.331115365 0.915176988 0.071114175 0.532362759 0.464918494 0.703834772
1305031459.959650 -1.223944664 -0.340414912 0.924292266 0.071115926 0.530834138 0.468125343 0.702862918
1305031459.991725 -1.222640038 -0.352467924 0.931680381 0.068313316 0.528759837 0.473534971 0.701078475
1305031460.027565 -1.218118191 -0.366135240 0.938497603 0.066993661 0.528169334 0.478226364 0.698461592
1305031460.059659 -1.218475461 -0.379573971 0.949820399 0.067433439 0.530395865 0.479096144 0.696132004
1305031460.091717 -1.217985272 -0.398494124 0.963248670 0.069557197 0.529670537 0.484937787 0.692420542
1305031460.127690 -1.214470148 -0.410072148 0.966523588 0.079250239 0.520434678 0.493888468 0.692055881
1305031460.159678 -1.212242365 -0.418330163 0.973446906 0.088300154 0.514366806 0.499373138 0.691560805
1305031460.191559 -1.205972314 -0.421880811 0.979499698 0.091895305 0.507036030 0.506304026 0.691466570
1305031460.227761 -1.193500280 -0.425419062 0.980489135 0.093380071 0.504055500 0.510946035 0.690030754
1305031460.259667 -1.190473795 -0.432639360 0.982467592 0.093985438 0.510364771 0.510110021 0.685917139
1305031460.291689 -1.184745312 -0.439279884 0.984175742 0.091919750 0.516627431 0.509593844 0.681880474
1305031460.327512 -1.180461049 -0.447878689 0.989921868 0.091793515 0.525047004 0.509488583 0.675515294
1305031460.359630 -1.177042246 -0.455068231 1.000665665 0.089671053 0.534820199 0.509157836 0.668344736
1305031460.391611 -1.168862939 -0.462639123 1.003672719 0.084751584 0.542097449 0.512894392 0.660217285
1305031460.427477 -1.161977530 -0.469572216 1.008188248 0.083335556 0.550526619 0.516155064 0.650814533
1305031460.459620 -1.158746243 -0.472417504 1.011738420 0.081234872 0.560240507 0.517937720 0.641304910
1305031460.491504 -1.159500837 -0.474648714 1.021457434 0.077914342 0.572651505 0.520936728 0.628191411
1305031460.527570 -1.148467302 -0.488127708 1.022987485 0.069015451 0.578708529 0.532813430 0.613549650
1305031460.559647 -1.143368840 -0.496927768 1.026202083 0.062189784 0.585594296 0.536207974 0.604725420
1305031460.591855 -1.139726400 -0.504706919 1.034564495 0.056986127 0.594357669 0.535609007 0.597172141
1305031460.627625 -1.132398605 -0.512826979 1.037337303 0.052792482 0.600090504 0.537868559 0.589747190
1305031460.659764 -1.130340815 -0.521627665 1.044035554 0.048960172 0.607625484 0.536390483 0.583677590
1305031460.691671 -1.127086759 -0.530675232 1.055775881 0.045178764 0.613104105 0.536701620 0.577939153
1305031460.727675 -1.120906591 -0.536232293 1.059914947 0.039999004 0.613511443 0.538270593 0.576427400
1305031460.759667 -1.112992644 -0.543485343 1.064386368 0.035004314 0.617097020 0.537546933 0.573593378
1305031460.791660 -1.106616855 -0.550869524 1.076097727 0.030777493 0.622291803 0.536088407 0.569574296
1305031460.827660 -1.100651145 -0.554045022 1.082100391 0.025596835 0.622760057 0.535022020 0.570321083
1305031460.859714 -1.094146132 -0.557801604 1.087672830 0.018877240 0.624852717 0.534217417 0.569047093
1305031460.891774 -1.085005164 -0.566197097 1.093108058 0.008817864 0.627803028 0.534047306 0.566197097
1305031460.927562 -1.075469732 -0.573206723 1.103933573 0.002366274 0.630414963 0.534598351 0.562828481
1305031460.959649 -1.063483238 -0.580699325 1.104837179 -0.001947943 0.629135489 0.538299978 0.560729802
1305031460.991668 -1.052663684 -0.587772131 1.106931329 -0.002841879 0.631866097 0.538092613 0.557847261
1305031461.027620 -1.042337179 -0.595207870 1.110463500 -0.002862634 0.633618355 0.538921952 0.555052042
1305031461.059662 -1.033992529 -0.600629926 1.116761208 -0.000565748 0.636015832 0.537254632 0.553932309
1305031461.091728 -1.025959015 -0.603578389 1.121632576 -0.001913404 0.634075582 0.538124621 0.555307448
1305031461.127586 -1.016526341 -0.605995953 1.121674776 -0.004358957 0.633425593 0.537179708 0.556947947
1305031461.159720 -1.003053308 -0.615241766 1.123192191 -0.006405293 0.634690821 0.536456287 0.556184471
1305031461.192013 -0.998259246 -0.614352763 1.126376033 -0.004217198 0.636077940 0.531310618 0.559549987
1305031461.227607 -0.991535366 -0.617814660 1.129337192 -0.005154288 0.637742043 0.529476106 0.559386790
1305031461.259642 -0.982919037 -0.619480252 1.132223487 -0.005750686 0.638807833 0.525555015 0.561857045
1305031461.291656 -0.977164626 -0.620541573 1.134320140 -0.005918957 0.640260339 0.520044088 0.565319240
1305031461.327751 -0.971003294 -0.617878258 1.135629296 -0.007309425 0.642419755 0.515080392 0.567393601
1305031461.359709 -0.969085574 -0.615556717 1.142548442 -0.012720490 0.646140635 0.511205077 0.566577256
1305031461.391708 -0.955969691 -0.618200123 1.142891884 -0.020263651 0.644141376 0.515609503 0.564639688
1305031461.427624 -0.948704362 -0.617603898 1.142819047 -0.021991832 0.644857466 0.513818383 0.565389931
1305031461.459781 -0.947165430 -0.614988923 1.142973900 -0.024031814 0.643688560 0.516371310 0.564312041
1305031461.491677 -0.932679892 -0.619449794 1.135589600 -0.029746108 0.640573919 0.520914018 0.563408196
1305031461.527705 -0.933634460 -0.617135227 1.134816527 -0.025097972 0.643477261 0.516313791 0.564559221
1305031461.559677 -0.933920979 -0.613284349 1.125162840 -0.026549539 0.642255485 0.514996350 0.567081809
1305031461.591690 -0.933637738 -0.610175908 1.121279359 -0.028787443 0.648267329 0.510269821 0.564398348
1305031461.627541 -0.935330987 -0.606067181 1.119709730 -0.031508304 0.652522206 0.508908570 0.560565829
1305031461.659622 -0.935037196 -0.603003621 1.115875840 -0.034380008 0.654926419 0.508781672 0.557701230
1305031461.691563 -0.938917339 -0.597093582 1.114555478 -0.032585047 0.656588435 0.512357235 0.552557707
1305031461.727602 -0.937556624 -0.592556179 1.107740641 -0.033505842 0.654829144 0.518184721 0.549145460
1305031461.759684 -0.943905234 -0.585567355 1.103748322 -0.031704064 0.656037748 0.519046366 0.546991944
1305031461.791612 -0.950402379 -0.576670289 1.097879052 -0.032459132 0.655763328 0.522888184 0.543607175
1305031461.827615 -0.954315364 -0.567354560 1.092212081 -0.031238904 0.657835424 0.526063144 0.538083851
1305031461.859767 -0.965010464 -0.556440592 1.089039922 -0.027218986 0.660096288 0.529860854 0.531770110
1305031461.891723 -0.974510312 -0.543651462 1.093706250 -0.023283767 0.661694169 0.537677944 0.522035420
1305031461.927758 -0.978868365 -0.537897944 1.084970832 -0.025004745 0.655553877 0.549264014 0.517622352
1305031461.959703 -0.988388658 -0.526485205 1.072183490 -0.025481181 0.653652132 0.553618371 0.515360355
1305031461.991590 -1.006805301 -0.506677806 1.084462643 -0.024715688 0.661796033 0.552333117 0.506303430
1305031462.027675 -1.006270051 -0.509484828 1.090934396 -0.032717284 0.660585284 0.564392626 0.493981361
1305031462.059837 -1.010029793 -0.504887521 1.091431856 -0.029381936 0.654450536 0.577186882 0.487530947
1305031462.091777 -1.019327998 -0.493255824 1.086439371 -0.020534651 0.646221399 0.587350786 0.486821592
1305031462.127739 -1.022144675 -0.489672780 1.085906863 -0.021108674 0.641872346 0.596848369 0.480964005
1305031462.159646 -1.028810024 -0.486363202 1.085201740 -0.021311302 0.638473988 0.602829218 0.478010178
1305031462.191641 -1.035995245 -0.478599101 1.086980581 -0.022194317 0.637262940 0.603448272 0.478804350
1305031462.227633 -1.043372393 -0.473308831 1.089365602 -0.026897537 0.636070251 0.604965091 0.478234649
1305031462.259765 -1.045986652 -0.473406225 1.095091820 -0.036068760 0.635131896 0.605952859 0.477627128
1305031462.291629 -1.050943375 -0.470277399 1.095754862 -0.041705575 0.630454600 0.607677877 0.481160343
1305031462.327540 -1.060754299 -0.462711364 1.097123265 -0.047899887 0.626803458 0.605347872 0.488238662
1305031462.359732 -1.064150214 -0.458886594 1.107775211 -0.059053287 0.627851009 0.601315737 0.490647703
1305031462.391695 -1.068247795 -0.456980616 1.116877913 -0.069469780 0.624317944 0.601345897 0.493745029
1305031462.427635 -1.075856566 -0.450780779 1.119345903 -0.076248810 0.616848588 0.601934612 0.501356542
1305031462.459897 -1.086243749 -0.445236206 1.128021836 -0.082074672 0.611926556 0.599118412 0.509771168
1305031462.492008 -1.094491482 -0.441578746 1.127363801 -0.090221807 0.601002038 0.601491928 0.518520951
1305031462.527670 -1.099054694 -0.443541855 1.131358862 -0.097446688 0.594236434 0.602609217 0.523688197
1305031462.559862 -1.106048346 -0.443491429 1.129021764 -0.103531070 0.584253848 0.601861954 0.534500539
1305031462.591862 -1.113595128 -0.441577137 1.126245141 -0.108555399 0.579006970 0.597630799 0.543878615
1305031462.627851 -1.124849439 -0.435394317 1.123725653 -0.110531174 0.576133847 0.589483321 0.555303752
1305031462.659660 -1.131130219 -0.437070936 1.122381330 -0.116381690 0.575127661 0.582829833 0.562132478
1305031462.692548 -1.141452909 -0.434963167 1.123425484 -0.116765119 0.575712919 0.573732436 0.570746601
1305031462.727652 -1.153790712 -0.433090001 1.123918891 -0.118882790 0.572645843 0.564575851 0.582406878
1305031462.759782 -1.165157437 -0.429662764 1.116834402 -0.120936096 0.564409554 0.558061659 0.596140563
1305031462.791943 -1.177238584 -0.425909311 1.110976458 -0.122537233 0.559086442 0.552484870 0.605943501
1305031462.827816 -1.191519856 -0.417156726 1.104662299 -0.121255085 0.553839386 0.547752082 0.615245342
1305031462.859782 -1.202444196 -0.412563235 1.095031738 -0.124242030 0.547394156 0.545548975 0.622334242
1305031462.891847 -1.214918494 -0.405539691 1.085384965 -0.124061055 0.546262562 0.541729391 0.626686037
1305031462.927607 -1.224419832 -0.402990282 1.075594544 -0.124465935 0.545007229 0.540925920 0.628390431
1305031462.959676 -1.231338382 -0.398383468 1.066068053 -0.122994900 0.542207241 0.539541602 0.632280409
1305031462.995550 -1.238162994 -0.392926127 1.052301288 -0.119938031 0.537778795 0.535629034 0.639930010
1305031463.027667 -1.247564912 -0.388805151 1.044227958 -0.116385870 0.538572669 0.526706398 0.647282183
1305031463.059810 -1.257686853 -0.388119072 1.034435272 -0.112150148 0.535117984 0.521085978 0.655393422
1305031463.095809 -1.266863465 -0.376294911 1.019951105 -0.110351041 0.529425859 0.512466252 0.667015195
1305031463.127550 -1.271366835 -0.378770560 1.005160928 -0.112226225 0.526313484 0.506516099 0.673677087
1305031463.159787 -1.282872319 -0.369530976 0.994850457 -0.107426949 0.526762486 0.494787246 0.682763755
1305031463.195657 -1.292643070 -0.364311427 0.984910369 -0.108267851 0.525364339 0.488336295 0.688329935
1305031463.227784 -1.292230129 -0.364495367 0.970446527 -0.112801924 0.520558178 0.487991542 0.691490531
1305031463.260034 -1.298547506 -0.358327955 0.958055317 -0.106960945 0.521729410 0.481852382 0.695827663
1305031463.295737 -1.305441499 -0.350533903 0.948864996 -0.105191901 0.522322595 0.475111991 0.700273097
1305031463.327739 -1.305734038 -0.345934033 0.937797785 -0.106783055 0.518018484 0.473429888 0.704356611
1305031463.359750 -1.306569099 -0.339364976 0.926388741 -0.100675881 0.515424013 0.469939858 0.709477961
1305031463.395630 -1.312465310 -0.329603732 0.913577676 -0.094567128 0.511562347 0.465314597 0.716130793
1305031463.427716 -1.313221335 -0.322239369 0.898742378 -0.095068745 0.506654859 0.463304847 0.720840752
1305031463.459756 -1.314033985 -0.312814981 0.883786738 -0.093604617 0.504424751 0.461432159 0.723791540
1305031463.495629 -1.314833164 -0.304536283 0.870163679 -0.094882615 0.504333377 0.459875315 0.724679112
1305031463.527670 -1.311338067 -0.296213269 0.850589216 -0.095072165 0.503992677 0.458272099 0.725905836
1305031463.559751 -1.315216780 -0.292166084 0.843068302 -0.092427120 0.510151625 0.455836296 0.723474801
1305031463.595600 -1.314886928 -0.286146134 0.829290032 -0.091497399 0.506994128 0.457066566 0.725034654
1305031463.627588 -1.308753729 -0.286015868 0.810181975 -0.093254715 0.502789736 0.457549602 0.727429986
1305031463.659766 -1.308639288 -0.285844624 0.791185379 -0.087541871 0.503913760 0.453265548 0.730039477
1305031463.695640 -1.313300967 -0.275126070 0.779597938 -0.081707560 0.505631506 0.446530759 0.733669519
1305031463.727588 -1.307092667 -0.277504265 0.755140245 -0.086243898 0.500864625 0.446741551 0.736287057
1305031463.759674 -1.298912287 -0.285336524 0.728698194 -0.088084094 0.500441015 0.442995608 0.738616884
1305031463.795647 -1.300728321 -0.275620699 0.716621578 -0.081692547 0.505080640 0.431702495 0.742867947
1305031463.827761 -1.297033429 -0.274412692 0.698846817 -0.085216358 0.504772186 0.421967208 0.748255849
1305031463.859910 -1.291381240 -0.282257766 0.675417304 -0.089646146 0.504609168 0.413771003 0.752413869
1305031463.895648 -1.292255998 -0.286317319 0.659235716 -0.090494327 0.507727325 0.403656125 0.755701959
1305031463.927664 -1.289666891 -0.290785998 0.642521560 -0.091684952 0.505853117 0.399465472 0.759034753
1305031463.959680 -1.285215974 -0.295986414 0.625508428 -0.092130579 0.502037048 0.394556880 0.764065206
1305031463.995821 -1.284786940 -0.300467879 0.609165370 -0.090076946 0.500675738 0.386728197 0.769188702
1305031464.027703 -1.286109686 -0.303634942 0.592152596 -0.090071231 0.498262197 0.379432231 0.774372756
1305031464.059652 -1.277960420 -0.310099006 0.570460379 -0.093109801 0.494388133 0.373520881 0.779354274
1305031464.095634 -1.278717637 -0.317609876 0.555874348 -0.093304388 0.496775955 0.363470525 0.782558084
1305031464.127681 -1.280377507 -0.323776394 0.545606077 -0.092344597 0.496894062 0.358266592 0.784992874
1305031464.159817 -1.278500319 -0.337228090 0.535075188 -0.089864515 0.494858176 0.356559247 0.787340641
1305031464.195585 -1.279826522 -0.344183892 0.519803107 -0.079451434 0.490025163 0.350998878 0.793953776
1305031464.227624 -1.284610868 -0.344333231 0.508955300 -0.067680791 0.483070672 0.344886124 0.801944911
1305031464.259644 -1.289751291 -0.350147307 0.502267778 -0.060987204 0.473984897 0.342677772 0.808820605
1305031464.295667 -1.289734244 -0.354255170 0.488310486 -0.057557534 0.458522886 0.339219689 0.819374084
1305031464.327866 -1.282915235 -0.350191861 0.470836610 -0.052878954 0.443910152 0.335176408 0.829339683
1305031464.359684 -1.276065350 -0.350927472 0.452033788 -0.047863603 0.433478087 0.331476390 0.836617708
1305031464.395611 -1.273369431 -0.346803755 0.434735447 -0.043369800 0.428154647 0.322469652 0.843099058
1305031464.427634 -1.268004298 -0.346506953 0.416393965 -0.044756182 0.425340116 0.314439684 0.847472906
1305031464.459689 -1.269222975 -0.352100432 0.407395065 -0.045408029 0.425698459 0.305505484 0.850520611
1305031464.495633 -1.263842344 -0.348742396 0.386442542 -0.043129776 0.421319872 0.300317526 0.854657114
1305031464.527574 -1.265314341 -0.349455416 0.369227350 -0.043823957 0.420489937 0.292007267 0.857904077
1305031464.559703 -1.259600878 -0.347498477 0.352996051 -0.048234764 0.416824758 0.281590909 0.862923563
1305031464.595698 -1.240323067 -0.364129901 0.323894590 -0.053502157 0.414964080 0.275249869 0.865551770
1305031464.627672 -1.232803106 -0.372445673 0.296590686 -0.050663728 0.423625857 0.263930857 0.865051925
1305031464.659749 -1.240330577 -0.376766473 0.287943274 -0.047653772 0.437584311 0.248032182 0.862976909
1305031464.695663 -1.227254629 -0.404738009 0.269840211 -0.050336082 0.446160108 0.228943691 0.863708377
1305031464.727652 -1.233683467 -0.401794970 0.268184215 -0.037417687 0.455954224 0.204709768 0.865332067
1305031464.759740 -1.241034865 -0.387131602 0.264118284 -0.026868246 0.457618922 0.179715544 0.870382309
1305031464.796021 -1.239090323 -0.397110909 0.261715561 -0.026661623 0.454059452 0.162151322 0.875686109
1305031464.827759 -1.239078045 -0.406988651 0.264613688 -0.022210782 0.445758581 0.145864308 0.882909715
1305031464.859654 -1.233803630 -0.390312791 0.256086528 -0.013391228 0.428863585 0.130650938 0.893771231
1305031464.895817 -1.219051838 -0.391785264 0.245586798 -0.021027256 0.408502996 0.113425352 0.905437946
1305031464.927799 -1.199894905 -0.400047809 0.237294555 -0.028682323 0.393337876 0.098756067 0.913624585
1305031464.959763 -1.180343747 -0.403928488 0.231531665 -0.030751161 0.384612799 0.081327282 0.918974042
1305031464.995687 -1.165948987 -0.399806708 0.223439232 -0.029308917 0.379984319 0.063032649 0.922377229
1305031465.027823 -1.154752851 -0.395133972 0.231718555 -0.032086883 0.379032135 0.040761944 0.923928320
1305031465.059749 -1.147783518 -0.371419579 0.242211744 -0.026374061 0.373677582 0.020537356 0.926956177
1305031465.095700 -1.129124522 -0.331604898 0.235063806 -0.024620760 0.355340421 0.011240995 0.934345007
1305031465.127664 -1.114990830 -0.320828170 0.238703489 -0.046703637 0.338413507 -0.001356582 0.939836800
1305031465.159842 -1.104099870 -0.312089652 0.247556239 -0.064736113 0.325855553 -0.005982710 0.943181634
1305031465.195564 -1.087027550 -0.302017480 0.249517068 -0.075848140 0.312376916 -0.008366865 0.946888447
1305031465.227907 -1.071097374 -0.280989945 0.245513856 -0.082958557 0.299936414 -0.009903960 0.950293601
1305031465.259807 -1.055344105 -0.280858040 0.247206450 -0.095171653 0.287943840 -0.005402197 0.952891111
1305031465.295623 -1.043762684 -0.266171187 0.247201696 -0.094016664 0.279374421 0.005757626 0.955550969
1305031465.327674 -1.029438972 -0.249088898 0.246201456 -0.094046175 0.266386151 0.021071065 0.959035873
1305031465.359948 -1.018851519 -0.240888909 0.250802845 -0.093322001 0.253318459 0.034811735 0.962241590
1305031465.395586 -0.995483935 -0.229222506 0.239183456 -0.085325502 0.232802957 0.049702398 0.967497826
1305031465.427697 -0.973648667 -0.216035515 0.225994289 -0.077203594 0.216968045 0.061223295 0.971193194
1305031465.460125 -0.960973859 -0.197886288 0.217597753 -0.067715965 0.207230225 0.074036904 0.973133445
1305031465.495703 -0.947876275 -0.175997660 0.206186801 -0.062854446 0.196276486 0.083719380 0.974944115
1305031465.527622 -0.930038869 -0.173817530 0.198337346 -0.064784333 0.184996337 0.089257784 0.976530790
1305031465.559812 -0.912236810 -0.162802845 0.183686510 -0.055566791 0.174063340 0.096295014 0.978438318
1305031465.595599 -0.895519674 -0.145146057 0.169369608 -0.046404436 0.167647824 0.103909031 0.979256749
1305031465.627688 -0.890873492 -0.132077813 0.157312885 -0.039308041 0.165791512 0.111546464 0.979043126
1305031465.660060 -0.881054282 -0.115680583 0.146443054 -0.030481486 0.156946197 0.120163463 0.979795635
1305031465.695668 -0.859281838 -0.099101245 0.130888596 -0.021891400 0.146058500 0.126147777 0.980955899
1305031465.727682 -0.848803282 -0.082093045 0.116583332 -0.011759323 0.143288955 0.134491935 0.980429471
1305031465.759766 -0.838775039 -0.061272610 0.106485225 -0.000778876 0.139555231 0.141233668 0.980090201
1305031465.795937 -0.824551344 -0.041673522 0.094636641 0.006990673 0.135653466 0.147242591 0.979728997
1305031465.827996 -0.810731947 -0.027327349 0.083562218 0.016429195 0.132413864 0.151340425 0.979434907
1305031465.859861 -0.798436522 0.003443125 0.070980951 0.032574363 0.130127385 0.153475910 0.979005098
1305031465.895494 -0.781246901 0.026164118 0.060253650 0.035830643 0.131841794 0.156995118 0.978103518
1305031465.927495 -0.767066956 0.042691153 0.054379713 0.041060250 0.138256297 0.156156704 0.977146029
1305031465.959710 -0.760728478 0.062472805 0.038137965 0.051683288 0.146792680 0.153914645 0.975751519
1305031465.995753 -0.756226838 0.086267434 0.032471996 0.059043080 0.154263645 0.148318216 0.975047886
1305031466.027644 -0.755122125 0.105923049 0.022639096 0.064637668 0.158101916 0.145007282 0.974576116
1305031466.059757 -0.750712574 0.134903222 0.013584753 0.067845419 0.158248574 0.146458447 0.974117160
1305031466.095840 -0.746690989 0.149086788 0.003992248 0.062514752 0.156121716 0.149189681 0.974402547
1305031466.127640 -0.741881728 0.168966711 -0.006076177 0.059784029 0.149975613 0.149703622 0.975459933
1305031466.160428 -0.739496231 0.181302011 -0.018664911 0.055404376 0.144129947 0.152396858 0.976182401
1305031466.195833 -0.738121033 0.198469236 -0.031406291 0.050693940 0.134358749 0.154004976 0.977578819
1305031466.227951 -0.730454683 0.210118949 -0.044385478 0.040964816 0.122725934 0.151260659 0.979990005
1305031466.259815 -0.717048466 0.211797297 -0.060734000 0.034716785 0.117090903 0.146088883 0.981703877
1305031466.295737 -0.704086006 0.221590027 -0.082938924 0.033903256 0.117992356 0.136406243 0.983016610
1305031466.327702 -0.698016882 0.234154627 -0.099248059 0.032081693 0.126263335 0.127529889 0.983241796
1305031466.359829 -0.693910360 0.239986122 -0.113691278 0.023569971 0.133703515 0.122293860 0.983164251
1305031466.395784 -0.687686384 0.238003507 -0.125607550 0.019507313 0.137237579 0.117674433 0.983330071
1305031466.427819 -0.687040269 0.250874609 -0.135209680 0.027719559 0.136991441 0.111740343 0.983859241
1305031466.459790 -0.681149364 0.263779670 -0.149260163 0.028530220 0.131431103 0.107873514 0.985025465
1305031466.495809 -0.668005526 0.272892803 -0.162011385 0.025047561 0.125237361 0.108394302 0.985869586
1305031466.527538 -0.651210427 0.279486299 -0.174244329 0.022281982 0.123961441 0.108933367 0.986037791
1305031466.560353 -0.641886950 0.293677956 -0.185773879 0.021700677 0.126688376 0.108334221 0.985770166
1305031466.595936 -0.631212294 0.305513859 -0.195058003 0.013983248 0.125340194 0.106893964 0.986239314
1305031466.627549 -0.611243129 0.305508614 -0.202921316 0.004561346 0.123998597 0.104766734 0.986725628
1305031466.659688 -0.597660422 0.311828971 -0.212754443 0.009050604 0.126550213 0.097865492 0.987079263
1305031466.695822 -0.592066407 0.327458173 -0.224243373 0.011289057 0.126539707 0.090204939 0.987787068
1305031466.728074 -0.576629281 0.333780676 -0.232066005 0.003307792 0.121568352 0.082483612 0.989144385
1305031466.759637 -0.559034228 0.331688225 -0.241817281 0.001213990 0.119507797 0.074416861 0.990039647
1305031466.795604 -0.552580953 0.343987048 -0.250325710 0.008908771 0.119817764 0.067018054 0.990491271
1305031466.827879 -0.541875601 0.354607880 -0.258930117 0.007876785 0.114286669 0.064014398 0.991351962
1305031466.859665 -0.531300664 0.352688730 -0.265968412 0.004381729 0.108276121 0.065563247 0.991946876
1305031466.895694 -0.524759531 0.358084500 -0.273684859 0.009682252 0.098526247 0.064554952 0.992991209
1305031466.927756 -0.511108160 0.362497091 -0.285992891 0.011137238 0.082114980 0.061605088 0.994654655
1305031466.959728 -0.494654953 0.370669365 -0.289962739 0.015000663 0.069820039 0.060513102 0.995609522
1305031466.995712 -0.482306093 0.376432091 -0.299265295 0.016582292 0.064029396 0.056989938 0.996181428
1305031467.027843 -0.470691055 0.380194455 -0.306136489 0.016696827 0.059266392 0.052658204 0.996712506
1305031467.059700 -0.455598563 0.385348767 -0.315650374 0.017187404 0.054371610 0.049876202 0.997126222
1305031467.095687 -0.447177768 0.390089929 -0.321134567 0.014935588 0.053306174 0.045161672 0.997444630
1305031467.128974 -0.439073175 0.389192909 -0.326416433 0.012508301 0.050718535 0.034447566 0.998040378
1305031467.159660 -0.428377390 0.394149363 -0.332563400 0.014321962 0.046855517 0.026300730 0.998452663
1305031467.195663 -0.419271350 0.397391051 -0.338189960 0.015224307 0.041812018 0.021725487 0.998773217
1305031467.227704 -0.409169316 0.402635694 -0.344237655 0.017022794 0.034305379 0.016510315 0.999130011
1305031467.259694 -0.398388416 0.404687047 -0.351211578 0.018481024 0.028164579 0.011457431 0.999366760
1305031467.295846 -0.389333099 0.409377277 -0.357404709 0.020899663 0.022704167 0.004400401 0.999514043
1305031467.328008 -0.379339665 0.414147049 -0.365914881 0.022457508 0.016310200 -0.000385212 0.999614656
1305031467.359654 -0.371858299 0.423451662 -0.372666001 0.022219662 0.009937264 -0.001531978 0.999702513
1305031467.395756 -0.361071348 0.427277625 -0.380262762 0.017177286 0.000969611 -0.006256840 0.999832392
1305031467.427783 -0.350760221 0.426984996 -0.387267262 0.014411731 -0.005671580 -0.010257270 0.999827445
1305031467.459692 -0.342024326 0.433082014 -0.394639224 0.016448984 -0.012399179 -0.011535279 0.999721229
1305031467.496058 -0.329550087 0.438041061 -0.405124009 0.012830000 -0.021588150 -0.015140445 0.999569952
1305031467.527663 -0.316540897 0.441594034 -0.407541960 0.007995111 -0.027166221 -0.021132553 0.999375582
1305031467.559763 -0.303569525 0.439236373 -0.412393808 0.006401560 -0.029515961 -0.024208993 0.999250591
1305031467.595989 -0.294896483 0.442233473 -0.418363988 0.006836876 -0.030637553 -0.023310237 0.999235332
1305031467.627532 -0.283822060 0.436426014 -0.420181543 0.006956065 -0.035604436 -0.021639545 0.999107420
1305031467.659626 -0.272616774 0.434648663 -0.422971845 0.014232359 -0.040898595 -0.019340251 0.998874724
1305031467.695886 -0.259507865 0.438985109 -0.423992962 0.019496061 -0.045519114 -0.022051705 0.998529732
1305031467.727535 -0.245879650 0.430205047 -0.421999037 0.020399803 -0.049247131 -0.026065020 0.998238027
1305031467.759907 -0.235270992 0.427020788 -0.420703262 0.026150536 -0.051078808 -0.029585129 0.997913718
1305031467.796075 -0.225050867 0.425116837 -0.418590933 0.030172711 -0.054029856 -0.032448187 0.997555792
1305031467.827800 -0.210648239 0.416608691 -0.409930378 0.033647507 -0.058249615 -0.034055747 0.997153461
1305031467.859729 -0.202543736 0.408988684 -0.405368149 0.040199634 -0.061467674 -0.032416686 0.996772230
1305031467.895947 -0.194835082 0.409031898 -0.396601051 0.047351170 -0.068327501 -0.032256715 0.996016443
1305031467.927754 -0.181844220 0.401698798 -0.388099968 0.049842805 -0.077306829 -0.035322029 0.995133996
1305031467.959826 -0.166426837 0.390117139 -0.377833724 0.054602381 -0.084179983 -0.036939345 0.994267464
1305031467.995754 -0.155783877 0.397884607 -0.365383863 0.061815049 -0.086985283 -0.039431475 0.993507743
1305031468.028107 -0.143273398 0.387040257 -0.352827549 0.058257271 -0.089183792 -0.043004569 0.993379533
1305031468.059850 -0.134561405 0.375003308 -0.342827946 0.061298627 -0.091119468 -0.046128653 0.992880583
1305031468.095867 -0.123685017 0.376026183 -0.330035478 0.065882526 -0.095808469 -0.048224702 0.992045641
1305031468.127816 -0.112028413 0.365251333 -0.317407042 0.063384205 -0.099397309 -0.048784345 0.991827965
1305031468.159864 -0.100663841 0.353336155 -0.308562368 0.063566901 -0.101837121 -0.052764326 0.991364956
1305031468.195985 -0.087647125 0.347398192 -0.297813386 0.063460499 -0.104014702 -0.057044949 0.990908504
1305031468.228158 -0.072431773 0.333220720 -0.286646664 0.059936561 -0.105754510 -0.056524549 0.990973532
1305031468.259754 -0.060599692 0.320514917 -0.279226512 0.058323070 -0.104892522 -0.055769421 0.991204202
1305031468.295830 -0.045738574 0.306569070 -0.267063677 0.055575415 -0.105101518 -0.054923359 0.991387129
1305031468.327847 -0.030750308 0.286307186 -0.257956296 0.053995572 -0.104833029 -0.053157620 0.991599083
1305031468.359787 -0.021660823 0.276769817 -0.254580975 0.056928013 -0.101524837 -0.049352553 0.991975904
1305031468.395860 -0.012373948 0.269589841 -0.248164490 0.055038743 -0.100848399 -0.048506591 0.992193282
1305031468.428025 -0.005043663 0.248904228 -0.241789982 0.047745865 -0.101634406 -0.048578799 0.992487192
1305031468.459759 0.003025552 0.235927075 -0.237519950 0.046314560 -0.102135904 -0.046048943 0.992624164
1305031468.495809 0.012460997 0.223580942 -0.230894372 0.042873099 -0.102173485 -0.045809131 0.992785990
1305031468.527756 0.012899930 0.200839743 -0.227982104 0.038611982 -0.098860443 -0.052241027 0.992978632
1305031468.559739 0.017412888 0.179806158 -0.227184534 0.040911529 -0.098920651 -0.061535567 0.992347896
1305031468.595768 0.019979514 0.172977209 -0.227149650 0.043947611 -0.099500716 -0.067657351 0.991761386
1305031468.627626 0.019976549 0.156408042 -0.223112926 0.036336787 -0.100743614 -0.069215216 0.991836488
1305031468.659579 0.020763433 0.134062096 -0.219297200 0.032426938 -0.104754858 -0.069319248 0.991549194
1305031468.695835 0.015767898 0.114801526 -0.214524567 0.034690827 -0.109266184 -0.073527649 0.990682125
1305031468.727785 0.016104365 0.104245007 -0.210440889 0.039884154 -0.115226544 -0.075931035 0.989629507
1305031468.759628 0.017699413 0.090772569 -0.206289545 0.040511880 -0.119977728 -0.076291002 0.989011526
1305031468.795796 0.018759463 0.068534784 -0.201424986 0.040700343 -0.122716837 -0.081075191 0.988286853
1305031468.829247 0.016166069 0.059747245 -0.197728232 0.049059715 -0.123538792 -0.088809811 0.987139344
1305031468.859659 0.021618832 0.060781050 -0.194953457 0.053791922 -0.124106206 -0.092866756 0.986448109
1305031468.895873 0.023236081 0.050704490 -0.188453928 0.050079778 -0.120043136 -0.094282821 0.987011850
1305031468.928141 0.025419896 0.039502352 -0.186121866 0.044195842 -0.115084752 -0.090610482 0.988226652
1305031468.959594 0.022202924 0.039969876 -0.182642162 0.039397053 -0.108938560 -0.087070912 0.989443719
1305031468.995711 0.022474978 0.049879670 -0.178595409 0.028181383 -0.107412621 -0.087440595 0.989960849
1305031469.027699 0.020628233 0.036583286 -0.171279266 0.006055172 -0.107008867 -0.092345603 0.989941776
1305031469.059832 0.017076079 0.025029313 -0.165346250 -0.009667164 -0.107182853 -0.099235505 0.989227295
1305031469.095723 0.020523518 0.022628542 -0.156414554 -0.021367412 -0.109328888 -0.108333990 0.987853408
1305031469.127679 0.024343822 0.013551335 -0.145135477 -0.037871823 -0.105743207 -0.119083747 0.986510634
1305031469.159703 0.027912917 0.007783621 -0.137265950 -0.049405865 -0.099765904 -0.124722235 0.985926092
1305031469.195540 0.026735049 0.004460256 -0.126153499 -0.058533370 -0.091216005 -0.129617125 0.985623121
1305031469.227754 0.020012736 -0.001710337 -0.117604472 -0.066068955 -0.083968930 -0.132277578 0.985437334
1305031469.259586 0.020376712 -0.001528533 -0.106609903 -0.071414925 -0.082544632 -0.136049807 0.984670877
1305031469.296754 0.022649724 -0.004343383 -0.096741714 -0.077913128 -0.079717532 -0.137680471 0.984184265
1305031469.327618 0.021603558 -0.002364252 -0.088178873 -0.083084472 -0.077274278 -0.138589993 0.983828485
1305031469.359592 0.026930382 -0.000672372 -0.076107651 -0.090474561 -0.074748456 -0.142486915 0.982814610
1305031469.395695 0.030581348 -0.010009257 -0.066086978 -0.098457143 -0.066145360 -0.149053827 0.981689334
1305031469.427651 0.029387595 -0.002521140 -0.057076447 -0.097949542 -0.053926680 -0.155668393 0.981460750
1305031469.459668 0.026488472 0.004266694 -0.047054525 -0.099105328 -0.043867268 -0.163033441 0.980649710
1305031469.495744 0.016604193 0.014213612 -0.034029953 -0.099207394 -0.035635997 -0.166878462 0.980326295
1305031469.527622 0.014034090 0.023389000 -0.025426781 -0.101480678 -0.035424799 -0.166589260 0.980150402
1305031469.559645 0.016567314 0.030688768 -0.015094776 -0.107502371 -0.038191225 -0.165761471 0.979544699
1305031469.595755 0.016627491 0.041483473 -0.004612731 -0.113308378 -0.039089847 -0.163543582 0.979227602
1305031469.627752 0.021761760 0.045207590 0.004133931 -0.124617293 -0.041288137 -0.161106780 0.978166878
1305031469.659590 0.017938130 0.044770025 0.015779600 -0.135448352 -0.037210759 -0.161373973 0.976845682
1305031469.695613 0.018790189 0.058337498 0.025292130 -0.137065843 -0.035014994 -0.159444720 0.977018058
1305031469.727679 0.015342830 0.067504428 0.034738194 -0.142702132 -0.029953465 -0.157129481 0.976754427
1305031469.759599 0.009582116 0.078252338 0.044469234 -0.148763612 -0.024946673 -0.154963434 0.976336718
1305031469.795621 0.003198111 0.088693790 0.053587433 -0.155305699 -0.022878574 -0.151245460 0.975951612
1305031469.827526 -0.005278996 0.100790761 0.063285992 -0.159761980 -0.022572357 -0.148158401 0.975712955
1305031469.859574 -0.009953475 0.105166323 0.069209717 -0.169955805 -0.025381524 -0.145303100 0.974349976
1305031469.895755 -0.017840898 0.127961129 0.077875331 -0.167523876 -0.025853634 -0.139663070 0.975582659
1305031469.927854 -0.028967129 0.140689015 0.085128799 -0.170131519 -0.025179576 -0.136116236 0.975650370
1305031469.959805 -0.038891867 0.156138286 0.090216234 -0.167963982 -0.026949963 -0.132277444 0.976506293
1305031469.995551 -0.047368500 0.165943757 0.094444364 -0.169816971 -0.029231722 -0.129044473 0.976552725
1305031470.027694 -0.058150738 0.174790114 0.099362180 -0.173123911 -0.031518172 -0.128534600 0.975968003
1305031470.059638 -0.069528118 0.186928809 0.102015987 -0.173138440 -0.031009765 -0.128130272 0.976034880
1305031470.095944 -0.083366103 0.198225722 0.105000347 -0.173918381 -0.028695874 -0.124781035 0.976400852
1305031470.127633 -0.096521504 0.207262918 0.107024923 -0.178276360 -0.027522035 -0.122464813 0.975941837
1305031470.159626 -0.107079886 0.216447145 0.109233074 -0.180591479 -0.029257828 -0.119194627 0.975870550
1305031470.196092 -0.119410157 0.225617826 0.108904839 -0.181182832 -0.029886143 -0.115380310 0.976200283
1305031470.227618 -0.133076742 0.232556894 0.109237336 -0.185591176 -0.028869567 -0.112734787 0.975711703
1305031470.259965 -0.144699320 0.238902479 0.109548323 -0.189926431 -0.028255157 -0.110027462 0.975204349
1305031470.295718 -0.157328814 0.244512826 0.110808142 -0.197265983 -0.028109685 -0.106097423 0.974186480
1305031470.327644 -0.170498371 0.253490210 0.111961000 -0.202191442 -0.027134605 -0.102019027 0.973639846
1305031470.359624 -0.183886364 0.259539455 0.112104662 -0.207006902 -0.027483055 -0.097053021 0.973125696
1305031470.395823 -0.197732314 0.268059760 0.113676541 -0.209178314 -0.027561335 -0.092259012 0.973125398
1305031470.427641 -0.210781157 0.274337977 0.115127057 -0.209952191 -0.029078117 -0.092685558 0.972874045
1305031470.459721 -0.223300964 0.279214293 0.114869282 -0.208840549 -0.029963771 -0.092389017 0.973114610
1305031470.495686 -0.234719709 0.282345206 0.114914037 -0.208476678 -0.031754758 -0.090898335 0.973276198
1305031470.527689 -0.247361809 0.285669744 0.114781857 -0.208291739 -0.030859075 -0.091100954 0.973325670
1305031470.559677 -0.257983029 0.287127495 0.115320913 -0.211248830 -0.030628489 -0.090947978 0.972709775
1305031470.595760 -0.268307328 0.289651871 0.116543978 -0.212231770 -0.029916041 -0.087106705 0.972869515
1305031470.627729 -0.278243989 0.292163491 0.117221043 -0.214725122 -0.029073168 -0.082606457 0.972740471
1305031470.659690 -0.287471682 0.294256270 0.118407540 -0.216338173 -0.028839394 -0.077721000 0.972792625
1305031470.695630 -0.299088776 0.298883021 0.120894834 -0.217498332 -0.027226310 -0.074548304 0.972828746
1305031470.727654 -0.308882594 0.299491823 0.123507068 -0.218315080 -0.026710270 -0.073273398 0.972756922
1305031470.759682 -0.317607611 0.296904504 0.123261578 -0.222544149 -0.022252318 -0.070829593 0.972091615
1305031470.795615 -0.325589001 0.300708741 0.126413345 -0.223484367 -0.016740812 -0.066047519 0.972323120
1305031470.827831 -0.334071904 0.303371578 0.128388166 -0.217916548 -0.014484219 -0.060664009 0.973972499
1305031470.859645 -0.340796828 0.301508754 0.130310610 -0.214909598 -0.014959966 -0.057838339 0.974804997
1305031470.895722 -0.348625779 0.300968796 0.129253268 -0.210227340 -0.015239839 -0.052673232 0.976113558
1305031470.927684 -0.357751399 0.300082922 0.131874055 -0.206260085 -0.015420125 -0.048996668 0.977148056
1305031470.959647 -0.368443489 0.297355622 0.132050440 -0.196217552 -0.014815777 -0.047181301 0.979312539
1305031470.995996 -0.374935120 0.292894691 0.131741464 -0.191033393 -0.014331188 -0.045443960 0.980426252
1305031471.027644 -0.378302634 0.285975963 0.132891506 -0.187097102 -0.014692333 -0.043201514 0.981281042
1305031471.059636 -0.388619065 0.286071062 0.132859498 -0.175262749 -0.006598474 -0.040890157 0.983650029
1305031471.095777 -0.394302666 0.283548862 0.131950602 -0.167444885 -0.005334858 -0.036100078 0.985205829
1305031471.127663 -0.400554895 0.277517885 0.130477741 -0.163695157 -0.004648113 -0.029193217 0.986067951
1305031471.159649 -0.409113020 0.272677720 0.129489020 -0.160169095 0.000039869 -0.023498677 0.986809850
1305031471.195703 -0.414338112 0.271504343 0.129037961 -0.157121852 0.004125445 -0.017370185 0.987417817
1305031471.227569 -0.420838475 0.270158559 0.130156577 -0.156882733 0.008852672 -0.012720832 0.987495601
1305031471.259722 -0.426943511 0.265453696 0.131273389 -0.159765363 0.011731504 -0.009756046 0.987037122
1305031471.296068 -0.430348337 0.264155060 0.132729575 -0.157595247 0.014070963 -0.005743227 0.987386823
1305031471.327642 -0.431868434 0.262224168 0.131434932 -0.154184490 0.017068276 -0.002940425 0.987890244
1305031471.359615 -0.435679197 0.261376083 0.130438372 -0.153893679 0.025683722 -0.001152661 0.987752855
1305031471.395730 -0.441267431 0.258223385 0.132699654 -0.153914228 0.034729745 0.003443742 0.987467647
1305031471.427704 -0.446241319 0.259959698 0.131284237 -0.146562830 0.038517758 0.009368128 0.988406777
1305031471.459647 -0.451740742 0.256673425 0.130186960 -0.147315770 0.040022258 0.014072620 0.988179266
1305031471.496491 -0.455955625 0.255316317 0.128983438 -0.147618368 0.041355029 0.018367611 0.988008738
1305031471.527624 -0.459741950 0.254053861 0.127945572 -0.147169441 0.042696096 0.022754407 0.987927377
1305031471.559671 -0.460841358 0.253048301 0.125608742 -0.147466913 0.043168966 0.024879493 0.987811208
1305031471.595702 -0.464542955 0.251064926 0.124223396 -0.148457289 0.048690155 0.026819827 0.987355292
1305031471.627621 -0.467036575 0.248654768 0.122765444 -0.149494022 0.053628370 0.028297205 0.986901641
1305031471.659642 -0.470426798 0.246069819 0.121205620 -0.149289474 0.060184486 0.031033596 0.986472189
1305031471.695609 -0.474160105 0.248361751 0.119095653 -0.145009071 0.065839462 0.035047092 0.986615062
1305031471.727501 -0.476070881 0.248541236 0.116356544 -0.145600200 0.069525085 0.039613362 0.986102223
1305031471.759702 -0.476414621 0.245375633 0.116044164 -0.148879990 0.073986843 0.045691833 0.985024333
1305031471.795801 -0.477936894 0.248410463 0.113963276 -0.145467192 0.081226647 0.053338662 0.984579325
1305031471.827639 -0.481660992 0.252515495 0.112602659 -0.146052465 0.087346055 0.060306739 0.983566165
1305031471.859665 -0.483421445 0.251100153 0.113009319 -0.151092663 0.090835840 0.066767029 0.982070267
1305031471.895604 -0.485394299 0.257054985 0.111909822 -0.150158957 0.094772615 0.073167302 0.981385231
1305031471.927651 -0.488506645 0.254893422 0.112619519 -0.158763796 0.100755811 0.077604622 0.979091346
1305031471.959643 -0.489922881 0.254494905 0.115189306 -0.161493793 0.107301004 0.078641862 0.977865875
1305031471.995573 -0.493546903 0.259530276 0.112369545 -0.158864781 0.115115367 0.082024813 0.977129638
1305031472.027638 -0.499263763 0.263500780 0.114015557 -0.164281160 0.122297138 0.085341528 0.975075364
1305031472.059668 -0.501666605 0.262162298 0.117447466 -0.168397665 0.126843423 0.088191949 0.973537445
1305031472.095601 -0.506516933 0.266195357 0.116543815 -0.165239140 0.133101314 0.093014143 0.972794116
1305031472.127594 -0.513305426 0.268981010 0.118716992 -0.169547841 0.138012230 0.095999829 0.971076846
1305031472.159645 -0.515092552 0.262181967 0.123849578 -0.178262070 0.139255658 0.098571219 0.969079077
1305031472.195682 -0.517184496 0.262507677 0.124532595 -0.173607290 0.140547961 0.102840118 0.969293892
1305031472.227626 -0.518661618 0.263501912 0.123767942 -0.170349360 0.141165122 0.105259664 0.969522536
1305031472.263840 -0.519806206 0.259603411 0.125789851 -0.170879304 0.143223017 0.105914973 0.969055951
1305031472.295671 -0.521516025 0.257050425 0.125789657 -0.165238366 0.146663249 0.107332550 0.969363630
1305031472.327678 -0.524765790 0.260395408 0.124115646 -0.156928957 0.149524882 0.107408494 0.970298409
1305031472.363577 -0.526313126 0.262708277 0.123184331 -0.154163077 0.149635822 0.108296148 0.970625997
1305031472.395599 -0.527838409 0.257058352 0.125695825 -0.157525346 0.149423614 0.110194191 0.969904900
1305031472.427686 -0.527120769 0.255496264 0.125488207 -0.155213416 0.146127626 0.110718653 0.970719755
1305031472.463603 -0.524399281 0.253344834 0.124467038 -0.154219091 0.143053576 0.109860599 0.971433342
1305031472.495626 -0.523576379 0.253157526 0.123352833 -0.153620943 0.144148499 0.108881101 0.971476555
1305031472.527625 -0.523724616 0.245315984 0.126466125 -0.158154190 0.147839844 0.109697148 0.970101655
1305031472.563587 -0.522186399 0.240235671 0.126234651 -0.154870182 0.147451878 0.111278191 0.970510364
1305031472.595675 -0.521837711 0.243673131 0.123825610 -0.146390200 0.146865845 0.112729087 0.971747100
1305031472.627701 -0.519790351 0.241722211 0.124289185 -0.146403030 0.145741105 0.114637494 0.971691251
1305031472.663575 -0.517084479 0.239413396 0.124637909 -0.145719737 0.144609243 0.116407454 0.971752644
1305031472.695755 -0.514605820 0.236687124 0.125223532 -0.144461825 0.143857017 0.117497265 0.971920967
1305031472.727628 -0.512045860 0.232558236 0.125991210 -0.144139931 0.142830655 0.116969801 0.972183704
1305031472.763578 -0.509806097 0.231869444 0.126112282 -0.141714096 0.142693013 0.115630373 0.972720683
1305031472.795640 -0.509014368 0.228452682 0.127543911 -0.141768441 0.144590497 0.113492616 0.972684324
1305031472.827627 -0.507319391 0.228192389 0.127784938 -0.138409391 0.145235881 0.113292553 0.973095179
1305031472.863598 -0.506832480 0.226642445 0.129107222 -0.136832193 0.145718217 0.114291683 0.973129272
1305031472.895713 -0.506294608 0.226721212 0.129367739 -0.135634765 0.144445881 0.116745591 0.973195314
1305031472.927685 -0.504210413 0.226352766 0.130600736 -0.135485500 0.142796472 0.118016258 0.973306239
1305031472.963756 -0.503107071 0.225756943 0.131224632 -0.135071531 0.142808780 0.119434610 0.973188937
1305031472.995704 -0.503648221 0.225797266 0.132157281 -0.135218382 0.142643481 0.120289810 0.973087490
1305031473.027638 -0.502476871 0.225860432 0.132541984 -0.135526448 0.140433177 0.120688953 0.973316610
1305031473.063684 -0.501811564 0.224171966 0.133667827 -0.137450352 0.139936894 0.119841471 0.973223031
1305031473.095695 -0.500471532 0.224526420 0.133649960 -0.136795029 0.139824480 0.117668435 0.973596632
1305031473.127744 -0.501565397 0.223504439 0.134653792 -0.137789741 0.141920641 0.116112776 0.973339796
1305031473.167060 -0.502637982 0.221977592 0.135598734 -0.137670800 0.142341048 0.115591660 0.973357260
1305031473.196069 -0.501709342 0.221453130 0.135035262 -0.136615261 0.141115740 0.115233198 0.973726809
