1305031529.407513 0.088626087 0.090429574 0.031962298 0.033504628 -0.055991050 0.020864218 0.997650802
1305031529.439502 0.055575751 0.086651832 0.033238992 0.031148270 -0.053339340 0.018257268 0.997923493
1305031529.475403 0.016863445 0.090779446 0.034569822 0.034753669 -0.043406438 0.018404113 0.998283207
1305031529.507485 -0.011271760 0.083650284 0.037857998 0.036140844 -0.038135622 0.014339503 0.998515844
1305031529.539489 -0.052164119 0.074939676 0.034034159 0.041126989 -0.030771971 0.013308806 0.998591244
1305031529.575458 -0.081899233 0.085270055 0.037428446 0.049899951 -0.014083912 0.017331949 0.998504519
1305031529.607479 -0.125686437 0.081902415 0.038316201 0.048686288 -0.012881736 0.020391239 0.998522878
1305031529.639746 -0.153421223 0.077720344 0.041313644 0.046913724 -0.007085835 0.028603395 0.998464227
1305031529.675618 -0.182782128 0.071390875 0.046248864 0.043973714 -0.002324492 0.039506521 0.998248518
1305031529.707557 -0.204744324 0.067132168 0.053464290 0.040680688 0.001331221 0.050614733 0.997888505
1305031529.739568 -0.226186469 0.057334855 0.059505917 0.036011279 0.005040543 0.058571689 0.997620761
1305031529.775501 -0.238927066 0.044947751 0.065901652 0.028968938 0.012581029 0.066980377 0.997254312
1305031529.807516 -0.250720948 0.008793645 0.068726711 0.018585049 0.026894923 0.075118832 0.996638536
1305031529.839505 -0.281387568 0.018836906 0.080933101 0.033895336 0.044661708 0.083253391 0.994949877
1305031529.875495 -0.308847964 0.001867962 0.086549193 0.032307111 0.053678706 0.095401287 0.993465364
1305031529.907489 -0.331141263 -0.016876204 0.095761336 0.035402313 0.058410455 0.109198056 0.991670609
1305031529.939498 -0.379756361 -0.046526082 0.102392606 0.041166648 0.061789185 0.121168397 0.989851296
1305031529.975501 -0.404995054 -0.054974515 0.107966617 0.044542350 0.065551504 0.131425515 0.988152981
1305031530.007409 -0.440148622 -0.075991273 0.114043184 0.042575549 0.069939144 0.145269305 0.985998333
1305031530.039454 -0.469417661 -0.098275118 0.118017308 0.040860139 0.072737716 0.160953149 0.983429611
1305031530.075443 -0.505771577 -0.119142964 0.112781331 0.040271927 0.072887100 0.171713263 0.981621265
1305031530.107445 -0.525064707 -0.143985301 0.111252651 0.037509330 0.070963651 0.184561342 0.979537845
1305031530.139497 -0.562189937 -0.182695687 0.098159984 0.038729057 0.073367111 0.195374727 0.977213383
1305031530.175410 -0.584028244 -0.197693363 0.090138413 0.043159671 0.073244140 0.200222716 0.976055026
1305031530.207486 -0.600995719 -0.228398591 0.080589429 0.042910509 0.074619591 0.204649046 0.975043237
1305031530.239446 -0.621133268 -0.243136749 0.067872755 0.052429412 0.078189492 0.202434376 0.974760413
1305031530.275407 -0.670587182 -0.297275126 0.044680808 0.050585855 0.090109073 0.201160267 0.974092364
1305031530.307544 -0.691021681 -0.315302998 0.031990081 0.054839775 0.096292719 0.200790122 0.973346591
1305031530.339724 -0.735060692 -0.338909060 0.017211191 0.057965416 0.109013237 0.199157074 0.972158670
1305031530.375386 -0.755575180 -0.353986293 0.004002912 0.056013413 0.115754709 0.199948862 0.971330941
1305031530.407465 -0.771819890 -0.380252719 -0.007126070 0.053569905 0.122007169 0.201793030 0.970321655
1305031530.439553 -0.818897724 -0.418484360 -0.018983884 0.055448279 0.136126652 0.201060116 0.968488455
1305031530.475439 -0.842101514 -0.431911588 -0.030638631 0.059901312 0.143823266 0.202406898 0.966828883
1305031530.507461 -0.869517207 -0.462767482 -0.049299929 0.060641486 0.152634844 0.203585789 0.965182900
1305031530.539532 -0.881028235 -0.498031646 -0.077825725 0.060472425 0.164216474 0.203743517 0.963257313
1305031530.575433 -0.936568677 -0.539524615 -0.088783108 0.070518821 0.194988161 0.194819614 0.958671987
1305031530.607559 -0.936694205 -0.557501554 -0.117395729 0.079446629 0.208585605 0.196741626 0.954710960
1305031530.639507 -0.996654391 -0.564004540 -0.128563255 0.094916627 0.243197888 0.196556583 0.945098460
1305031530.675401 -0.988757372 -0.577705026 -0.145936444 0.102078453 0.261113346 0.202128887 0.938372910
1305031530.707456 -1.017964840 -0.600721002 -0.181098893 0.114543267 0.291823804 0.205273941 0.927136064
1305031530.739522 -1.089714885 -0.597282469 -0.179550961 0.130519301 0.333820730 0.210831806 0.909438491
1305031530.775437 -1.089376330 -0.607706845 -0.195792452 0.135570765 0.353162885 0.223123983 0.898394287
1305031530.807467 -1.175740123 -0.565594912 -0.167602599 0.156439438 0.382926583 0.230454817 0.880786300
1305031530.839463 -1.204829574 -0.575232446 -0.178887859 0.153623462 0.395198941 0.246448219 0.871482015
1305031530.875401 -1.265154719 -0.604026735 -0.143161401 0.150009140 0.411676496 0.255104184 0.861940563
1305031530.907441 -1.299025893 -0.642080426 -0.143401459 0.148545802 0.417315513 0.262781620 0.857162595
1305031530.939462 -1.352297544 -0.643824458 -0.061501551 0.162282124 0.423123658 0.262012213 0.852044880
1305031530.975286 -1.378905177 -0.643056393 -0.031874306 0.167166442 0.413714230 0.260194570 0.856267869
1305031531.007484 -1.421181083 -0.656272650 0.039573822 0.171517611 0.406261206 0.260608256 0.858846247
1305031531.039689 -1.444202304 -0.664567709 0.057705816 0.170275763 0.388432115 0.263609171 0.866393030
1305031531.075325 -1.483761787 -0.666862965 0.124186166 0.169655815 0.375680506 0.263953865 0.872014582
1305031531.107512 -1.490222573 -0.689624429 0.154009536 0.161443800 0.353885859 0.267022789 0.881702602
1305031531.139581 -1.500263929 -0.722819209 0.139038533 0.154397771 0.328725427 0.271696419 0.891224980
1305031531.175355 -1.512863874 -0.708572149 0.263884664 0.169017717 0.319501817 0.272220433 0.891766548
1305031531.207465 -1.526375413 -0.718239188 0.302599430 0.168285310 0.301260084 0.273921937 0.897713304
1305031531.239619 -1.539658070 -0.743700981 0.326654196 0.163629189 0.280692011 0.275057286 0.904865146
1305031531.275515 -1.547724843 -0.740778089 0.445113868 0.176921248 0.275770932 0.268363476 0.905886471
1305031531.307527 -1.544196010 -0.749286354 0.475402594 0.182250232 0.260951042 0.266644776 0.909719706
1305031531.339595 -1.533778787 -0.748973012 0.536220074 0.191615194 0.252342731 0.262662739 0.911380887
1305031531.375434 -1.523981452 -0.766867459 0.555975854 0.190596566 0.246531740 0.262907922 0.913112521
1305031531.407491 -1.535798550 -0.782318473 0.588085949 0.193671793 0.253747255 0.262298673 0.910660744
1305031531.439644 -1.541387677 -0.795037508 0.613141835 0.193712458 0.259990782 0.266584784 0.907641351
1305031531.475324 -1.540993214 -0.814005613 0.651312709 0.194979295 0.271502435 0.269179761 0.903222978
1305031531.507602 -1.555905581 -0.830670834 0.681243777 0.198946685 0.279937506 0.271856338 0.898971260
1305031531.539487 -1.568841696 -0.861487806 0.709555149 0.197865590 0.285075516 0.277880639 0.895747483
1305031531.575392 -1.561586618 -0.870951056 0.727483332 0.201363564 0.286390692 0.282482266 0.893105149
1305031531.607419 -1.572061539 -0.888857186 0.749858260 0.203166664 0.290133119 0.287699550 0.889817417
1305031531.639521 -1.573730707 -0.902474642 0.772534966 0.202116728 0.296127021 0.290728509 0.887093306
1305031531.675444 -1.580439806 -0.931455910 0.792803824 0.203229278 0.301014632 0.297158778 0.883054197
1305031531.707498 -1.594953179 -0.943501174 0.813295603 0.204736173 0.307154715 0.296349615 0.880860925
1305031531.739657 -1.598455548 -0.966095626 0.834684551 0.202674285 0.310180366 0.295659482 0.880509377
1305031531.775442 -1.612041354 -0.988739729 0.854019940 0.203920260 0.316709131 0.294332385 0.878339469
1305031531.807438 -1.626815796 -1.015538216 0.877572656 0.205676869 0.322236687 0.294891566 0.875727952
1305031531.839545 -1.640772820 -1.004919291 0.895903766 0.208691299 0.326869041 0.290690184 0.874702096
1305031531.875426 -1.655494332 -1.015744328 0.921970904 0.200762704 0.326273084 0.294616520 0.875466287
1305031531.907427 -1.681592464 -1.056008458 0.954622924 0.189311802 0.327995002 0.300394088 0.875410616
1305031531.939564 -1.691488624 -1.067596316 0.973045409 0.180837929 0.329741061 0.307275385 0.874156952
1305031531.975488 -1.700512171 -1.082154989 0.995541096 0.171360329 0.332662433 0.314766258 0.872292161
1305031532.007331 -1.683645129 -1.053802013 0.994490921 0.166969523 0.336669475 0.317772418 0.870514512
1305031532.039675 -1.697355032 -1.063646555 1.021489501 0.156539679 0.339736104 0.329703122 0.866816342
1305031532.075525 -1.707936883 -1.074433327 1.043727040 0.145075828 0.340310454 0.345200330 0.862541914
1305031532.107398 -1.708280921 -1.085205436 1.054373384 0.132287651 0.339602381 0.367828846 0.855495274
1305031532.139520 -1.715800166 -1.097399712 1.077753663 0.124925621 0.337669015 0.387899488 0.848473430
1305031532.175563 -1.719943047 -1.103631258 1.096029758 0.118360907 0.335617483 0.408534855 0.840506315
1305031532.207465 -1.726393700 -1.116241455 1.121346354 0.111381203 0.332400024 0.429344535 0.832326710
1305031532.239966 -1.730170369 -1.124223351 1.140225530 0.108966820 0.329552025 0.449145377 0.823280096
1305031532.275514 -1.737721920 -1.130042672 1.170570135 0.105871819 0.328142524 0.464407146 0.815744877
1305031532.307481 -1.744764805 -1.144405842 1.184134960 0.097889744 0.327908188 0.482116371 0.806509495
1305031532.339777 -1.769160509 -1.171624660 1.201737165 0.091092080 0.324230790 0.499235153 0.798336267
1305031532.375496 -1.769177437 -1.186951041 1.213818669 0.084251359 0.314124912 0.514815450 0.793216407
1305031532.407448 -1.735945582 -1.186645269 1.248068929 0.084397584 0.298090309 0.526272595 0.791868865
1305031532.439533 -1.748544455 -1.201055765 1.262963891 0.094784580 0.300776273 0.524964273 0.790545344
1305031532.475428 -1.741326690 -1.226400018 1.281458259 0.109396569 0.306520104 0.520437539 0.789444447
1305031532.507415 -1.750980735 -1.244021654 1.288054943 0.121275961 0.313768923 0.516605854 0.787375152
1305031532.539458 -1.742862105 -1.268428445 1.304227948 0.135627046 0.317064881 0.515626252 0.784349859
1305031532.575435 -1.745332718 -1.287594676 1.313293576 0.148254544 0.323133945 0.511789083 0.782097757
1305031532.607434 -1.741483688 -1.308526635 1.329130530 0.151554108 0.327713817 0.512111187 0.779344082
1305031532.639592 -1.730641961 -1.308743596 1.346574664 0.153592601 0.336956710 0.513505995 0.774067879
1305031532.675452 -1.724887729 -1.325026393 1.357615829 0.152219161 0.348609209 0.518437743 0.765848041
1305031532.707308 -1.736822486 -1.357980728 1.359980702 0.141497836 0.359538078 0.531207681 0.754008651
1305031532.740052 -1.726938248 -1.379397273 1.368867755 0.131332278 0.361683965 0.544089496 0.745589077
1305031532.775761 -1.708803177 -1.385639310 1.382892013 0.128832117 0.362728864 0.555118799 0.737342000
1305031532.807429 -1.695044160 -1.374138594 1.391490817 0.132192761 0.366479337 0.556120336 0.734130859
1305031532.839717 -1.686245441 -1.380483389 1.407458425 0.132950395 0.377432287 0.558556795 0.726555824
1305031532.875476 -1.677346110 -1.387959361 1.408380508 0.131035745 0.387217611 0.566894352 0.715208292
1305031532.907577 -1.668769121 -1.414216399 1.409393907 0.127463773 0.395541817 0.580048323 0.700602293
1305031532.939523 -1.647353411 -1.415152431 1.413735986 0.133788943 0.396259367 0.592076600 0.688857257
1305031532.975424 -1.631661057 -1.425062060 1.419492006 0.140209913 0.400271356 0.601218879 0.677244306
1305031533.007402 -1.619578958 -1.428966045 1.427375197 0.148585171 0.405261785 0.609144449 0.665303171
1305031533.039505 -1.606591821 -1.440201163 1.431577682 0.155677974 0.412200183 0.617404461 0.651664853
1305031533.075500 -1.622877002 -1.439449072 1.434568048 0.156581074 0.421611041 0.623375177 0.639632523
1305031533.107480 -1.606878400 -1.434714317 1.437288404 0.156221956 0.423512518 0.634533584 0.627374649
1305031533.139514 -1.587615132 -1.439140081 1.430518985 0.159470543 0.428861231 0.642494440 0.614693463
1305031533.175459 -1.598501682 -1.457496881 1.429378390 0.159672320 0.441247195 0.642235160 0.606085539
1305031533.207507 -1.602150440 -1.468298078 1.428860188 0.156271294 0.448211819 0.644701660 0.599203825
1305031533.239511 -1.590634942 -1.464708805 1.417069435 0.156714261 0.450958878 0.649445236 0.591859519
1305031533.275405 -1.593319416 -1.499536157 1.399541378 0.152796507 0.460893452 0.652197421 0.582124472
1305031533.307502 -1.595117211 -1.509816885 1.383385420 0.154470965 0.464042276 0.654034555 0.577098131
1305031533.339522 -1.597734809 -1.530971408 1.367455959 0.156739712 0.473408729 0.654389262 0.568411410
1305031533.375654 -1.601997018 -1.558084488 1.346941590 0.159887746 0.481841087 0.654863656 0.559837997
1305031533.407483 -1.605885267 -1.588858366 1.337730408 0.164809391 0.490024477 0.653891385 0.552394688
1305031533.439774 -1.611192703 -1.602187991 1.321372986 0.173915640 0.489055037 0.654843986 0.549324989
1305031533.475654 -1.624176741 -1.567801118 1.343592286 0.190651745 0.492464572 0.649396360 0.547188222
1305031533.507463 -1.635565281 -1.575942159 1.340116739 0.199120775 0.494151622 0.649735630 0.542225718
1305031533.539640 -1.638934493 -1.593878150 1.325296998 0.206496045 0.496334791 0.652658641 0.533898711
1305031533.575643 -1.654432893 -1.598450541 1.326548576 0.216235206 0.503171742 0.649290204 0.527714550
1305031533.607639 -1.667816997 -1.607494354 1.323283553 0.219391689 0.510233641 0.650442302 0.518125176
1305031533.639561 -1.668817878 -1.635925055 1.324691296 0.216255873 0.519177675 0.654666603 0.505073786
1305031533.675446 -1.670629144 -1.609823108 1.343456507 0.222345263 0.523597538 0.653744757 0.499025166
1305031533.707501 -1.664763689 -1.640204310 1.322142959 0.210627809 0.525060833 0.666019142 0.486174434
1305031533.739555 -1.676635146 -1.663703561 1.314964175 0.203107059 0.532401502 0.670942843 0.474480569
1305031533.775530 -1.675015926 -1.639375448 1.343817592 0.204258949 0.543858171 0.667452872 0.465836078
1305031533.807707 -1.660566926 -1.676611781 1.334850550 0.193876833 0.545485198 0.677267730 0.454055130
1305031533.839329 -1.642385721 -1.736187696 1.341958880 0.191799492 0.551859736 0.677996516 0.446076840
1305031533.875471 -1.639112830 -1.746387243 1.383100748 0.208550185 0.554472089 0.668588638 0.449507207
1305031533.907441 -1.639147639 -1.764112949 1.364549160 0.225798786 0.535573065 0.664859414 0.469188988
1305031533.939530 -1.642603636 -1.763703108 1.379024386 0.252523929 0.521628439 0.649346471 0.492427289
1305031533.975439 -1.625970960 -1.781985521 1.382883072 0.269377381 0.505325973 0.642040193 0.509770334
1305031534.007323 -1.626185894 -1.792612672 1.344363928 0.286411822 0.483961850 0.630820334 0.534616649
1305031534.039458 -1.619542956 -1.762626290 1.354367137 0.311047465 0.472438723 0.606308579 0.558964193
1305031534.075484 -1.604709625 -1.782573819 1.380004048 0.325194180 0.473058373 0.589061022 0.568745673
1305031534.107442 -1.595594883 -1.777140498 1.359140158 0.345465362 0.461659372 0.577428877 0.578014076
1305031534.139529 -1.562227249 -1.748219013 1.353276730 0.361802846 0.462632567 0.556442738 0.587742507
1305031534.175381 -1.567516327 -1.754060030 1.369987369 0.371481448 0.473747015 0.540228903 0.587977946
1305031534.207436 -1.562691450 -1.754378796 1.373069882 0.383518904 0.478935987 0.526070416 0.588883281
1305031534.239529 -1.553570509 -1.753527761 1.381041050 0.392995954 0.482609987 0.514110446 0.590196788
1305031534.275475 -1.543950915 -1.754590511 1.386297703 0.396749705 0.480503052 0.506856143 0.595653713
1305031534.307945 -1.540366173 -1.755314231 1.386624217 0.403002411 0.477357030 0.503738940 0.596629202
1305031534.339859 -1.531544209 -1.754906893 1.392888427 0.408268899 0.481840283 0.495289117 0.596519232
1305031534.375478 -1.524832606 -1.746795177 1.395952344 0.414245009 0.486496478 0.483934551 0.597937763
1305031534.407595 -1.520283937 -1.749187112 1.396774292 0.417200238 0.494250268 0.477017403 0.595075667
1305031534.439543 -1.513142943 -1.746126890 1.404199719 0.425308317 0.500856519 0.468891174 0.590251386
1305031534.475605 -1.507561922 -1.743286848 1.401124835 0.434821457 0.504332006 0.455412894 0.590913415
1305031534.507525 -1.504703283 -1.743620753 1.397421479 0.439130574 0.502240837 0.450831592 0.593017161
1305031534.539582 -1.494274378 -1.737888575 1.397095919 0.446043313 0.496174961 0.447353423 0.595592737
1305031534.575414 -1.491375208 -1.737789273 1.397563457 0.454832852 0.493570864 0.438538373 0.597661257
1305031534.607494 -1.493041039 -1.738130808 1.397114515 0.460646003 0.489867181 0.431851923 0.601115108
1305031534.639696 -1.490793467 -1.739678502 1.397593021 0.463892698 0.483070582 0.427504241 0.607195675
1305031534.675511 -1.488682985 -1.740876436 1.397585988 0.465591550 0.476107419 0.425030410 0.613103151
1305031534.707481 -1.484917402 -1.743286014 1.398984909 0.467828065 0.472889364 0.423821092 0.614726126
1305031534.739665 -1.482979536 -1.742236257 1.400501609 0.470373273 0.471320450 0.418507814 0.617622256
1305031534.775491 -1.484730721 -1.743237853 1.401019812 0.468139142 0.471757591 0.414144337 0.621912360
1305031534.807516 -1.484663606 -1.744326472 1.400629997 0.469887674 0.469335049 0.411756128 0.624008894
1305031534.839569 -1.477713108 -1.741915107 1.400586605 0.473113209 0.465556949 0.405822992 0.628274143
1305031534.875499 -1.477967858 -1.743599534 1.404810548 0.478119284 0.464818180 0.397787958 0.630167186
1305031534.907458 -1.484098077 -1.747075796 1.401239157 0.477729559 0.466281921 0.389321119 0.634653211
1305031534.939556 -1.481965423 -1.746374965 1.406497359 0.473905444 0.476219237 0.385000646 0.632774293
1305031534.975464 -1.481045961 -1.746674657 1.406669974 0.473851740 0.487982392 0.381257802 0.626083195
1305031535.007643 -1.487760305 -1.746000290 1.401613474 0.475610405 0.492811441 0.373588175 0.625590503
1305031535.039655 -1.492638946 -1.744810581 1.394917488 0.478506595 0.489580095 0.366697818 0.629980505
1305031535.075490 -1.501938820 -1.749547124 1.394016623 0.477349281 0.485219240 0.365046114 0.635170281
1305031535.107796 -1.497954130 -1.749048829 1.397307158 0.480459899 0.481446624 0.367103964 0.634509325
1305031535.139465 -1.503738403 -1.746029377 1.393445253 0.483436257 0.474552810 0.367378294 0.637277186
1305031535.175406 -1.505523801 -1.747608185 1.387898088 0.485544980 0.462422103 0.370091945 0.642995954
1305031535.207514 -1.504778504 -1.741070747 1.387077570 0.487095088 0.450175315 0.363934726 0.653935909
1305031535.239511 -1.505489111 -1.741561651 1.388182759 0.488298535 0.438623130 0.363095403 0.661313891
1305031535.275537 -1.506128192 -1.741447568 1.385406852 0.489765048 0.427535862 0.359671265 0.669312954
1305031535.307409 -1.505281687 -1.742802024 1.386005521 0.489299029 0.421147257 0.355080843 0.676120579
1305031535.339468 -1.509347081 -1.737862468 1.386539102 0.490614504 0.414012402 0.350305796 0.682038784
1305031535.375492 -1.508587241 -1.738024712 1.386421919 0.491090059 0.405711472 0.343659520 0.690019429
1305031535.407712 -1.509548068 -1.739234209 1.385319829 0.490392804 0.400429666 0.337967306 0.696382821
1305031535.439618 -1.510473847 -1.739269853 1.384795427 0.492471337 0.395768732 0.329324603 0.701701045
1305031535.475595 -1.512059569 -1.736864448 1.385972738 0.495581895 0.393147886 0.315639615 0.707251668
1305031535.507701 -1.511854410 -1.737042427 1.386041522 0.498966694 0.391239852 0.303214967 0.711353838
1305031535.539515 -1.514445424 -1.735364676 1.386234283 0.502147853 0.392052531 0.290872395 0.713817596
1305031535.575567 -1.514081955 -1.735965490 1.385863900 0.501447260 0.395045429 0.281675488 0.716343939
1305031535.607524 -1.517386556 -1.733934164 1.384476542 0.495612174 0.397333920 0.278411061 0.720403731
1305031535.639591 -1.515485883 -1.734779954 1.385497332 0.494378775 0.399449050 0.277635783 0.720380723
1305031535.675500 -1.517819047 -1.734031200 1.383902669 0.490390420 0.399139047 0.277202785 0.723438919
1305031535.707524 -1.515724897 -1.738090515 1.382221937 0.482658714 0.397367299 0.283674628 0.727095902
1305031535.739708 -1.520881653 -1.734917879 1.380575895 0.477235049 0.395927459 0.288190544 0.729681015
1305031535.775437 -1.526664257 -1.734417200 1.382424593 0.470475048 0.396819532 0.293332934 0.731534839
1305031535.807496 -1.526002407 -1.737949371 1.384464979 0.462178737 0.398402423 0.302324206 0.732302129
1305031535.840053 -1.524967551 -1.739326835 1.385104418 0.459653914 0.397709787 0.310966909 0.730646789
1305031535.875502 -1.526635885 -1.737457275 1.384389639 0.454807520 0.395643950 0.319489121 0.731124282
1305031535.907487 -1.523359656 -1.741096377 1.384737492 0.448443681 0.398976982 0.326194018 0.730282903
1305031535.939747 -1.521622777 -1.750859261 1.384279609 0.440499455 0.404465646 0.339465141 0.726037979
1305031535.975512 -1.526204467 -1.746265411 1.384728193 0.431353152 0.408707738 0.350040048 0.724130094
1305031536.007462 -1.538800120 -1.749313951 1.389206648 0.419712096 0.413609058 0.364666045 0.720963240
1305031536.039667 -1.541191459 -1.745954037 1.387844324 0.407265902 0.416734308 0.378366292 0.719239831
1305031536.075538 -1.549446821 -1.740400434 1.382204890 0.396687746 0.417816162 0.394407988 0.715898633
1305031536.107579 -1.552074671 -1.740738750 1.381041765 0.382307500 0.419431657 0.411351860 0.713237464
1305031536.139540 -1.552061081 -1.740282536 1.380563378 0.369506836 0.423489094 0.429015428 0.707154453
1305031536.175699 -1.553048968 -1.738729000 1.379694462 0.357346505 0.428141743 0.449416280 0.697870433
1305031536.207474 -1.555339694 -1.737783909 1.379440427 0.344083488 0.435161889 0.465903223 0.689329267
1305031536.239482 -1.555621743 -1.737989187 1.379169106 0.330443293 0.440282375 0.487413168 0.677780986
1305031536.275618 -1.555079818 -1.736078620 1.377310634 0.319916368 0.443123519 0.511704326 0.662913084
1305031536.307472 -1.557413340 -1.733565927 1.376591444 0.310589015 0.449090868 0.529108763 0.649535000
1305031536.339530 -1.560178161 -1.733896017 1.376720667 0.300848752 0.455930501 0.546618879 0.634685159
1305031536.375786 -1.565726757 -1.731811762 1.369101882 0.291280210 0.456488162 0.570525527 0.617474616
1305031536.407665 -1.569980025 -1.732834816 1.367334366 0.284305066 0.462834537 0.587480664 0.599851072
1305031536.439546 -1.571894646 -1.728411674 1.366196036 0.277717561 0.465582728 0.604431868 0.583753228
1305031536.475492 -1.582847476 -1.725907803 1.362230182 0.270547479 0.467985243 0.617779374 0.571088850
1305031536.507648 -1.581795096 -1.726518869 1.361260056 0.263593107 0.468778074 0.629698455 0.560576200
1305031536.539583 -1.586923838 -1.726114869 1.359968662 0.261701435 0.467237502 0.638927758 0.552243352
1305031536.575660 -1.597342372 -1.722088814 1.355806708 0.261647552 0.461477190 0.645697713 0.549230218
1305031536.607624 -1.597124457 -1.726092458 1.357930064 0.258802772 0.460177690 0.655437171 0.540055335
1305031536.639838 -1.601195455 -1.727005363 1.356714249 0.256367534 0.456829995 0.663765192 0.533851862
1305031536.675456 -1.605242968 -1.727533221 1.355421782 0.254527718 0.449401468 0.671760380 0.531029224
1305031536.707472 -1.608903170 -1.725173235 1.352148294 0.251435667 0.444569290 0.675748169 0.531509817
1305031536.739722 -1.607092619 -1.725294471 1.352621436 0.245932460 0.444199562 0.680052996 0.528896868
1305031536.775321 -1.613021493 -1.724964976 1.349391818 0.240484953 0.446730077 0.681778371 0.527046025
1305031536.807301 -1.622344136 -1.727300167 1.345791936 0.235668972 0.447576225 0.680056512 0.530715346
1305031536.839527 -1.629292488 -1.727763534 1.343440175 0.229475945 0.446681738 0.679222524 0.535231709
1305031536.875419 -1.629000187 -1.727583766 1.345180750 0.225294545 0.446597725 0.679390252 0.536862731
1305031536.907491 -1.629509926 -1.730117559 1.344451547 0.217554107 0.451310664 0.675536513 0.540961444
1305031536.939530 -1.642982364 -1.732699752 1.339794517 0.208814964 0.459376991 0.672612309 0.541259348
1305031536.975375 -1.655929923 -1.730620861 1.334978819 0.206310332 0.464983612 0.669875681 0.540826023
1305031537.007412 -1.671464086 -1.729158044 1.329847813 0.203698575 0.469298363 0.665162027 0.543898284
1305031537.039427 -1.687845588 -1.730139256 1.323779583 0.197720081 0.474812716 0.663105369 0.543829799
1305031537.075341 -1.695564985 -1.732304096 1.320612192 0.191963285 0.479283661 0.662227571 0.543039501
1305031537.107337 -1.720817447 -1.736726880 1.309780717 0.183343783 0.484434307 0.659382045 0.544907093
1305031537.140656 -1.721971750 -1.732372284 1.311461926 0.179428041 0.491128266 0.654426217 0.546191275
1305031537.175377 -1.739576578 -1.736256003 1.306560397 0.173665687 0.498740435 0.649866283 0.546600461
1305031537.207445 -1.756240726 -1.737812877 1.300695777 0.168041825 0.503719866 0.644201934 0.550483525
1305031537.239415 -1.780398250 -1.738891244 1.293754339 0.163291052 0.510077238 0.635321140 0.556349039
1305031537.275504 -1.787639022 -1.737616897 1.291117549 0.159397349 0.513554156 0.628716588 0.561756253
1305031537.307646 -1.815971732 -1.738577366 1.284361959 0.156894699 0.516918361 0.623649836 0.565013528
1305031537.339718 -1.835944772 -1.742093325 1.277624607 0.154372767 0.519225299 0.617524624 0.570295990
1305031537.375388 -1.849604845 -1.745804310 1.274614811 0.151041403 0.523419440 0.607951701 0.577592611
1305031537.407396 -1.869421959 -1.738330483 1.273957729 0.150947481 0.525155067 0.598675907 0.585673988
1305031537.439649 -1.880724907 -1.746165991 1.262573600 0.146245569 0.523380756 0.591918111 0.595245838
1305031537.475520 -1.871859074 -1.737840414 1.251831174 0.143615752 0.519535244 0.582695007 0.608213842
1305031537.507492 -1.886673689 -1.740220547 1.242291451 0.140420258 0.518476009 0.574484348 0.617602229
1305031537.539497 -1.895296335 -1.741282344 1.228991032 0.132828563 0.516583323 0.569853723 0.625111997
1305031537.575529 -1.898384690 -1.735774159 1.220134735 0.129022002 0.515658855 0.564102292 0.631852746
1305031537.607507 -1.902177811 -1.734748363 1.215074301 0.129558071 0.518465102 0.558747470 0.634200215
1305031537.643442 -1.908522487 -1.737842321 1.212420583 0.129707053 0.518747211 0.549602926 0.641883194
1305031537.675306 -1.906414628 -1.726813316 1.200186014 0.132612333 0.514599144 0.541312695 0.651599824
1305031537.707483 -1.921306133 -1.730372787 1.176106334 0.134765416 0.515671611 0.532336950 0.657676578
1305031537.743426 -1.926141143 -1.729784489 1.161812663 0.133736148 0.519173145 0.522751808 0.662800491
1305031537.775469 -1.921596169 -1.731323361 1.159845948 0.129069567 0.524782658 0.509153843 0.669855595
1305031537.807576 -1.929335117 -1.731518626 1.143816590 0.130362585 0.526645660 0.501485229 0.673915803
1305031537.843458 -1.934594274 -1.733005285 1.130203485 0.129435465 0.526956081 0.492850274 0.680192828
1305031537.875571 -1.943369985 -1.722852230 1.114567161 0.134793147 0.525326729 0.484277517 0.686540544
1305031537.907514 -1.952528000 -1.723345280 1.094734907 0.131582499 0.527243972 0.477141887 0.690677524
1305031537.943469 -1.960716724 -1.723126411 1.077949762 0.126674026 0.527886152 0.471720546 0.694816232
1305031537.975426 -1.956917524 -1.715996146 1.059861779 0.124178842 0.523819447 0.468763441 0.700323939
1305031538.007529 -1.965561271 -1.713921070 1.041211367 0.121327035 0.526309967 0.461761504 0.703600645
1305031538.043452 -1.967861414 -1.711270452 1.020377159 0.116248727 0.523890316 0.460394472 0.707150698
1305031538.075565 -1.955352902 -1.706593871 1.016112447 0.112708651 0.520990789 0.454909056 0.713388443
1305031538.107629 -1.962185979 -1.707629085 0.997172654 0.118926905 0.517877400 0.452012420 0.716480434
1305031538.143487 -1.967586160 -1.719467402 0.958629251 0.119739808 0.508840561 0.452175587 0.722690046
1305031538.175565 -1.949609756 -1.707683563 0.952032328 0.121770188 0.501951337 0.446640611 0.730567575
1305031538.207697 -1.949116707 -1.726377010 0.901444614 0.119564585 0.501319647 0.434173673 0.738834262
1305031538.243517 -1.972414017 -1.727813244 0.868162632 0.125723407 0.505575478 0.422383010 0.741740942
1305031538.275489 -1.953848481 -1.708457470 0.871758223 0.133626476 0.504757822 0.413848668 0.745716214
1305031538.307386 -1.962436318 -1.728922009 0.834483027 0.135165870 0.506644130 0.398055732 0.752724111
1305031538.343413 -1.982469797 -1.764260411 0.765043020 0.130592003 0.507577300 0.379281491 0.762532949
1305031538.375553 -1.974098086 -1.727727056 0.799363136 0.144388467 0.504536331 0.370439768 0.766400337
1305031538.407511 -1.986393690 -1.726565957 0.759327114 0.150839195 0.502209902 0.359931529 0.771674871
1305031538.443598 -1.999431849 -1.727667093 0.726861596 0.155930340 0.497774869 0.348680377 0.778670609
1305031538.475570 -1.997294068 -1.725111246 0.693213522 0.159349233 0.485597849 0.340939254 0.789026618
1305031538.507548 -2.028149843 -1.710310578 0.650163889 0.164647162 0.477212757 0.334697545 0.795699000
1305031538.543450 -2.019734383 -1.702436328 0.615842998 0.163442865 0.463334620 0.330781728 0.805723786
1305031538.575524 -2.056723833 -1.691713572 0.549097717 0.157253712 0.453697205 0.324867696 0.814795077
1305031538.607517 -2.085751295 -1.654149055 0.471768767 0.149094343 0.442699522 0.322833121 0.823144436
1305031538.643479 -2.051369667 -1.649517298 0.460448593 0.137820795 0.432738543 0.322123230 0.830649972
1305031538.675433 -2.098980427 -1.635981560 0.407804698 0.132776842 0.428528428 0.321578056 0.833859265
1305031538.707490 -2.135601282 -1.513178587 0.460214406 0.151002437 0.421196550 0.314818412 0.837066948
1305031538.743572 -2.137377739 -1.531598806 0.369934469 0.126134098 0.400627613 0.322991550 0.848094404
1305031538.775491 -2.126921654 -1.559080839 0.221174657 0.103666037 0.376179338 0.334294200 0.857898474
1305031538.808089 -2.077376604 -1.239445806 0.280542552 0.143570647 0.337819576 0.322318643 0.872568667
1305031538.843518 -2.063833714 -1.237680674 0.159627795 0.114018030 0.321108878 0.327865839 0.881131649
1305031538.875656 -2.012897968 -1.110691786 0.167346343 0.119533122 0.299529254 0.325453013 0.888861299
1305031538.907498 -2.007770061 -1.108126998 0.054080959 0.098124549 0.292325407 0.328548729 0.892733514
1305031538.943414 -1.973220587 -1.017485142 0.061104044 0.099004075 0.274816245 0.330745786 0.897374749
1305031538.975507 -1.943473697 -0.999223530 -0.073620565 0.081389032 0.263909847 0.333118796 0.901531637
1305031539.007520 -1.918929338 -0.983401179 -0.064006038 0.068304472 0.254907250 0.337921798 0.903418839
1305031539.043445 -1.867453098 -0.969266951 -0.206259534 0.050114181 0.244135618 0.338214576 0.907467484
1305031539.075515 -1.707844615 -0.643683910 -0.140331686 0.096767522 0.197481796 0.317576438 0.922378540
1305031539.107503 -1.621145487 -0.565527320 -0.292020142 0.083168745 0.181369022 0.312097192 0.928861439
1305031539.143607 -1.554622293 -0.416788518 -0.138882220 0.108766213 0.161314204 0.297644049 0.934642017
1305031539.175587 -1.446740746 -0.305414259 -0.256366044 0.099980876 0.142670095 0.289415121 0.941216171
1305031539.207601 -1.453810096 -0.250696242 -0.120828539 0.109441817 0.133048862 0.277069449 0.945279300
1305031539.243449 -1.318715215 -0.172540992 -0.234987289 0.091633081 0.105855733 0.267139941 0.953432858
1305031539.275652 -1.363548040 -0.146485731 -0.103652559 0.096474811 0.101370290 0.253416449 0.957181692
1305031539.307521 -1.233313560 -0.027812572 -0.199184909 0.082228936 0.081221417 0.239086509 0.964094996
1305031539.343842 -1.267034769 -0.099648871 -0.101837024 0.057052936 0.083902493 0.223506927 0.969407022
1305031539.375556 -1.229072571 -0.070165470 -0.104510404 0.039941426 0.082595602 0.203430146 0.974781394
1305031539.407846 -1.192592382 -0.045351032 -0.113174230 0.019583065 0.081530981 0.187399179 0.978698492
1305031539.443431 -1.109046578 0.008915940 -0.120417967 0.001111763 0.078423776 0.173123121 0.981772304
1305031539.475605 -1.079736710 0.000279211 -0.124790542 -0.013542348 0.079741172 0.164253429 0.983096480
1305031539.507506 -1.069817185 0.019100124 -0.118023627 -0.014048342 0.056975484 0.153408408 0.986418903
1305031539.543459 -1.032458425 0.043056164 -0.124523155 -0.018245675 0.045877997 0.144993201 0.988200009
1305031539.575448 -0.926016390 0.116058424 -0.141435638 -0.015646962 0.035734937 0.134667501 0.990122616
1305031539.607559 -0.955354273 0.079946801 -0.144621164 -0.016449532 0.031818967 0.124896958 0.991522908
1305031539.643437 -0.771180630 0.165118620 -0.189185813 -0.014686630 0.026057653 0.109870061 0.993495762
1305031539.675458 -0.664813280 0.202207744 -0.200307280 -0.008414134 0.021636015 0.094225839 0.995280147
1305031539.707426 -0.831864059 0.111325778 -0.170647532 -0.005989490 0.020171259 0.080929063 0.996497750
1305031539.743465 -0.745711327 0.112063803 -0.201828316 -0.004410767 0.013435555 0.068050340 0.997581661
1305031539.775488 -0.758965254 0.120242104 -0.194970399 -0.003520554 0.007871454 0.057235416 0.998323500
1305031539.807653 -0.651482403 0.130537435 -0.192537174 -0.001146518 -0.003064469 0.045693792 0.998950124
1305031539.843466 -0.680246949 0.125610262 -0.209250018 -0.001453071 -0.014064824 0.033834890 0.999327421
1305031539.875593 -0.594967425 0.149961561 -0.216063067 -0.002298700 -0.025735274 0.019972043 0.999466658
1305031539.907642 -0.605505407 0.154623210 -0.210861564 -0.002244782 -0.034557439 0.003882819 0.999392629
1305031539.943541 -0.519585073 0.186909482 -0.204025269 -0.004819839 -0.040205263 -0.012617245 0.999100149
1305031539.975883 -0.519701660 0.178206772 -0.191212118 -0.000953645 -0.043828629 -0.026247377 0.998693764
1305031540.007422 -0.437826663 0.208179504 -0.201536328 0.004042229 -0.044410899 -0.038771778 0.998252511
1305031540.043468 -0.436433405 0.201366097 -0.181937397 0.010884969 -0.044328444 -0.048635457 0.997773051
1305031540.075632 -0.331916302 0.190437064 -0.157897860 0.023632189 -0.045455858 -0.054108765 0.997219861
1305031540.107421 -0.356295168 0.201107800 -0.182100028 0.036883134 -0.043355178 -0.057838313 0.996701896
1305031540.143443 -0.287419736 0.201044440 -0.187457412 0.047577403 -0.036663495 -0.055502377 0.996650219
1305031540.175595 -0.282311171 0.176775515 -0.204860166 0.053039618 -0.031621233 -0.051444404 0.996764958
1305031540.207411 -0.242221922 0.158107951 -0.211427554 0.065244853 -0.019625518 -0.046451669 0.996594310
1305031540.243496 -0.250068098 0.155593753 -0.217552423 0.082262576 -0.014563520 -0.046753839 0.995406866
1305031540.275604 -0.225325420 0.230529755 -0.230164349 0.110106580 -0.012803136 -0.044164892 0.992855489
1305031540.307411 -0.187247247 0.173626974 -0.234687179 0.117749356 -0.021714302 -0.035393983 0.992174804
1305031540.343456 -0.130823255 0.191613629 -0.254121274 0.136076704 -0.018768411 -0.031209899 0.990028739
1305031540.375438 -0.108233489 0.176497608 -0.252128631 0.147024781 -0.019533593 -0.016435366 0.988803327
1305031540.407504 -0.107654750 0.186092526 -0.277141720 0.165527359 -0.007350296 -0.006123080 0.986158788
1305031540.443453 0.022071702 0.226998895 -0.326914579 0.184582666 -0.004443782 0.005725125 0.982790291
1305031540.475476 0.041338768 0.166907623 -0.331039339 0.191732660 -0.009351362 0.021677518 0.981163204
1305031540.507525 0.070540324 0.189447135 -0.371149361 0.209625840 -0.003744243 0.031549696 0.977265358
1305031540.543427 0.139974892 0.210618034 -0.391786456 0.223039076 -0.000705907 0.040758260 0.973956764
1305031540.575635 0.068909816 0.185850307 -0.320036739 0.234986424 0.001170174 0.048220973 0.970801055
1305031540.607508 0.075888038 0.243912354 -0.356254429 0.252420664 0.018530702 0.060930636 0.965519488
1305031540.643443 0.152597472 0.259983420 -0.363610446 0.257978946 0.027902057 0.070969634 0.963136315
1305031540.675895 0.152318776 0.221052900 -0.354132831 0.264538795 0.036729176 0.080837972 0.960278809
1305031540.707442 0.185804263 0.252860367 -0.425292462 0.270331889 0.052395590 0.093654335 0.956767619
1305031540.743545 0.219736621 0.245193347 -0.375932515 0.274320394 0.059168011 0.107173808 0.953814030
1305031540.775513 0.369541854 0.280657977 -0.455036163 0.276471436 0.076451950 0.118430398 0.950627625
1305031540.807495 0.304273188 0.276049942 -0.405356914 0.282723516 0.089756213 0.135793895 0.945288956
1305031540.843557 0.311862200 0.281434357 -0.420249224 0.282038778 0.114299275 0.149785489 0.940719962
1305031540.875472 0.354753047 0.295616895 -0.448422015 0.282880545 0.133965150 0.161586985 0.935906827
1305031540.907447 0.370310962 0.298410177 -0.434308261 0.284260213 0.156793445 0.174872428 0.929532945
1305031540.943442 0.393173784 0.315887511 -0.448226452 0.284313917 0.175345168 0.189767540 0.923259377
1305031540.975401 0.376032144 0.312316835 -0.433073997 0.286576331 0.191079587 0.204939261 0.916167319
1305031541.007473 0.410488129 0.314557046 -0.480809689 0.291058123 0.201937288 0.215003550 0.910098910
1305031541.043464 0.373392045 0.321869493 -0.462497562 0.296871394 0.216289312 0.231272653 0.900888085
1305031541.075485 0.423428416 0.332404912 -0.480390370 0.303544879 0.222052172 0.240175888 0.894912779
1305031541.107513 0.418665141 0.344105333 -0.476576596 0.308578253 0.227344021 0.245734230 0.890341997
1305031541.143507 0.412230819 0.333870709 -0.463038266 0.310534269 0.237980962 0.250753760 0.885469437
1305031541.175472 0.431185067 0.325957745 -0.462795019 0.313555270 0.246091723 0.256588548 0.880502284
1305031541.207454 0.429258734 0.361313015 -0.502771556 0.312974423 0.244936466 0.261094242 0.879706144
1305031541.243593 0.437931299 0.338232875 -0.481111914 0.308642149 0.242178768 0.262794703 0.881492138
1305031541.275691 0.369910508 0.297649950 -0.437175512 0.304878980 0.235092908 0.266379893 0.883641243
1305031541.307436 0.377386808 0.283242464 -0.415352672 0.301833868 0.226773769 0.266082138 0.886944294
1305031541.343493 0.378033698 0.298681557 -0.426698327 0.299852908 0.214099616 0.265491188 0.890934348
1305031541.375507 0.366962373 0.296303481 -0.408610374 0.296114266 0.202357605 0.261601269 0.896064997
1305031541.407707 0.377334684 0.280491322 -0.397499949 0.291271925 0.190916747 0.255229086 0.901980877
1305031541.443699 0.374648064 0.276651829 -0.399187148 0.288717270 0.182221860 0.243878052 0.907723010
1305031541.475389 0.362467676 0.274901360 -0.382345110 0.286851048 0.171892539 0.231449306 0.913564801
1305031541.507656 0.373975605 0.264759123 -0.356669366 0.281753689 0.157654971 0.218279094 0.920931041
1305031541.543489 0.395065099 0.267953992 -0.387407571 0.276034474 0.145180285 0.203015238 0.928176939
1305031541.575608 0.382776767 0.272283435 -0.387163460 0.270681620 0.134831399 0.188354194 0.934384644
1305031541.607431 0.376526594 0.242878512 -0.339676738 0.266853124 0.123205557 0.170698866 0.940463543
1305031541.643543 0.375006139 0.241328910 -0.339631259 0.263951182 0.108948722 0.153218478 0.946035981
1305031541.675424 0.458115429 0.221074328 -0.302946508 0.261131763 0.096502766 0.133763030 0.951107204
1305031541.707418 0.461368918 0.188661858 -0.272477895 0.256141603 0.085675776 0.110459723 0.956477821
1305031541.743439 0.439941972 0.185321376 -0.273400486 0.250859380 0.075193912 0.082418561 0.961573005
1305031541.775415 0.451823622 0.183935151 -0.292244583 0.242055565 0.065412842 0.045637976 0.966978490
1305031541.807470 0.374427438 0.227785602 -0.351508915 0.230557203 0.062571540 0.011255400 0.970979631
1305031541.843441 0.345409364 0.187598288 -0.347327948 0.217797980 0.058025543 -0.019392390 0.974074423
1305031541.875438 0.345199913 0.193693429 -0.336138964 0.213467643 0.049345594 -0.044820815 0.974673092
1305031541.907570 0.313286871 0.179616377 -0.326768249 0.208893299 0.035086833 -0.063647360 0.975234091
1305031541.943524 0.319454223 0.166618779 -0.324599981 0.203228667 0.015737344 -0.078642145 0.975841105
1305031541.975524 0.306171328 0.151817620 -0.312216520 0.203373790 -0.004824639 -0.085431822 0.975354970
1305031542.007694 0.288367718 0.135572568 -0.312187195 0.202229083 -0.027250819 -0.093537718 0.974480093
1305031542.043489 0.315428317 0.128587186 -0.300742209 0.202888876 -0.051011987 -0.102838621 0.972449541
1305031542.075555 0.313279778 0.126099676 -0.285647094 0.203456774 -0.060373995 -0.113540493 0.970602334
1305031542.107416 0.323166013 0.140542462 -0.308514088 0.199383587 -0.066526748 -0.126875967 0.969393075
1305031542.143525 0.320341647 0.127774194 -0.298144668 0.194620281 -0.069952913 -0.139930636 0.968322754
1305031542.175524 0.310783923 0.113437422 -0.277223974 0.193192557 -0.076357946 -0.146507189 0.967151344
1305031542.207368 0.309131742 0.106575906 -0.240540087 0.188279554 -0.089370698 -0.152234703 0.966120243
1305031542.244091 0.303979546 0.092518114 -0.212859899 0.184639379 -0.099534035 -0.159770414 0.964611173
1305031542.275425 0.319950253 0.093724489 -0.206558257 0.182174057 -0.105205938 -0.166982979 0.963255405
1305031542.307528 0.407965779 0.046075176 -0.180299431 0.171443328 -0.113392636 -0.171270534 0.963543296
1305031542.343479 0.432356477 0.023401221 -0.150552824 0.166407123 -0.109318443 -0.176738307 0.963909626
1305031542.375553 0.434861809 0.019704251 -0.125119194 0.163467929 -0.105158061 -0.176178440 0.964977264
1305031542.407482 0.389497429 0.072174698 -0.207620353 0.156284854 -0.108354881 -0.174810126 0.966061950
1305031542.443447 0.408872396 0.047364142 -0.176278070 0.151962325 -0.108819574 -0.171724081 0.967252076
1305031542.475446 0.420752227 0.029797141 -0.168069497 0.151814237 -0.109637491 -0.168129236 0.967814326
1305031542.507447 0.439516723 0.032544356 -0.172387794 0.147370368 -0.120569937 -0.160832018 0.968440950
1305031542.543425 0.483826697 -0.004204749 -0.160461351 0.144342855 -0.122809835 -0.155104324 0.969549119
1305031542.575428 0.518959582 -0.042664655 -0.159069538 0.144856825 -0.123222724 -0.150143042 0.970200837
1305031542.607410 0.512205720 -0.008104973 -0.142853782 0.148128286 -0.130649880 -0.141933158 0.969970942
1305031542.643424 0.556324184 -0.045639504 -0.123062581 0.146109119 -0.133170143 -0.135050535 0.970916688
1305031542.675341 0.608584881 -0.076149978 -0.112294264 0.147996098 -0.134864405 -0.131306723 0.970910549
1305031542.707362 0.662436187 -0.086078599 -0.093520105 0.151050508 -0.135248438 -0.130229384 0.970531762
1305031542.743855 0.747508407 -0.122218117 -0.039083440 0.149012074 -0.139030367 -0.129750594 0.970376611
1305031542.775624 0.776348054 -0.151345521 -0.027366184 0.147752106 -0.135453463 -0.129362404 0.971126676
1305031542.807676 0.815239251 -0.164463192 -0.005710472 0.149445966 -0.136760980 -0.131574705 0.970386744
1305031542.843453 0.901940644 -0.202345893 0.040902901 0.144691706 -0.142188221 -0.131115645 0.970389366
1305031542.875473 0.940347254 -0.237895474 0.071461976 0.140848860 -0.138543129 -0.131170914 0.971473932
1305031542.907374 0.987792432 -0.254247338 0.082037516 0.137859240 -0.135644183 -0.131479755 0.972269833
1305031542.943449 1.015917659 -0.291830331 0.140561938 0.133655384 -0.137905926 -0.133030459 0.972327650
1305031542.975416 1.055892348 -0.318584740 0.164230138 0.131989554 -0.141974628 -0.132896543 0.971987903
1305031543.007462 1.108516932 -0.353240818 0.206480324 0.127287865 -0.148174047 -0.131568775 0.971870303
1305031543.043546 1.151536703 -0.390532821 0.250030041 0.123572119 -0.154702961 -0.128953487 0.971683025
1305031543.075465 1.213055491 -0.406670809 0.286827892 0.121636100 -0.161179945 -0.128140479 0.970981836
1305031543.107471 1.272548556 -0.445508510 0.331068844 0.115280338 -0.165588602 -0.129145205 0.970882297
1305031543.143424 1.331411123 -0.477623135 0.384342551 0.111038633 -0.168483242 -0.129937142 0.970772982
1305031543.175587 1.373209476 -0.536875725 0.409834743 0.103038602 -0.169352412 -0.128455535 0.971700549
1305031543.207464 1.411808968 -0.559954762 0.430212557 0.101953670 -0.170842260 -0.121528685 0.972444952
1305031543.243490 0.952542782 -0.277519494 0.145817697 0.097821176 -0.180506319 -0.112162173 0.972249031
1305031543.275504 0.993957222 -0.318884224 0.172422528 0.097310372 -0.184080929 -0.105531663 0.972372353
1305031543.307391 1.534440041 -0.652632654 0.508293867 0.104984775 -0.181530520 -0.099428445 0.972696722
1305031543.343502 1.054925084 -0.351943702 0.201489121 0.107146569 -0.188471973 -0.095604293 0.971523464
1305031543.375520 1.068392515 -0.364264071 0.211456105 0.114328295 -0.189152554 -0.093705297 0.970757246
1305031543.407575 1.089620709 -0.380791247 0.202438712 0.121900342 -0.191938505 -0.096377023 0.969026029
1305031543.443593 1.020646095 -0.330170274 0.171223268 0.127507776 -0.194508851 -0.096310928 0.967797637
1305031543.475420 1.016929984 -0.329160780 0.155755803 0.133614391 -0.194689304 -0.096709728 0.966897368
1305031543.507652 1.000429392 -0.327243239 0.129179046 0.140270635 -0.196532086 -0.102326341 0.965001881
1305031543.543433 1.010871172 -0.332853019 0.144139484 0.145663127 -0.201873749 -0.107391708 0.962546766
1305031543.575393 0.995122373 -0.332601964 0.110608041 0.148831546 -0.202507064 -0.110074982 0.961625457
1305031543.607524 0.964655995 -0.313233823 0.069696531 0.155856997 -0.205601156 -0.118715577 0.958823979
1305031543.643400 0.979605317 -0.328090012 0.099012792 0.152844846 -0.212878555 -0.126911089 0.956668556
1305031543.675460 0.963568807 -0.363818496 0.064480305 0.150914371 -0.216368228 -0.128962860 0.955917478
1305031543.707478 0.928030968 -0.341394842 0.012535202 0.157919928 -0.216765717 -0.131443411 0.954356611
1305031543.743399 0.940998614 -0.337934464 0.032970767 0.156997800 -0.217879415 -0.133917019 0.953911126
1305031543.775642 0.910749257 -0.355951637 -0.023979753 0.157837227 -0.221161559 -0.130834088 0.953445017
1305031543.807514 0.892729998 -0.329290301 -0.087700762 0.161536396 -0.226112634 -0.127415925 0.952126145
1305031543.843406 0.850957155 -0.316832364 -0.151771456 0.157606974 -0.228644013 -0.124705829 0.952538908
1305031543.875410 0.890285432 -0.338660896 -0.081241407 0.150154337 -0.231901899 -0.118297048 0.953771949
1305031543.907459 0.864736736 -0.327521116 -0.147527918 0.145224139 -0.231306002 -0.110453628 0.955618918
1305031543.943413 0.843434393 -0.342176110 -0.217619643 0.140160054 -0.229470283 -0.106176279 0.957300961
1305031543.975473 0.817096889 -0.336954772 -0.290649891 0.139353186 -0.223245054 -0.101469882 0.959398866
1305031544.007491 0.810987413 -0.348457903 -0.348297894 0.139274523 -0.215619132 -0.095770173 0.961737514
1305031544.043491 0.766081393 -0.319235146 -0.423225105 0.145419434 -0.199539006 -0.090537004 0.964800715
1305031544.075509 0.738453388 -0.302601308 -0.514904916 0.144925892 -0.182851568 -0.083414927 0.968815625
1305031544.107376 0.788920224 -0.332027018 -0.325311095 0.143863961 -0.164844036 -0.074910864 0.972891569
1305031544.143795 0.721071362 -0.309094816 -0.405239373 0.151388064 -0.153752595 -0.065817751 0.974222660
1305031544.175829 0.672462642 -0.281960040 -0.467673242 0.155104235 -0.144767731 -0.059392024 0.975426853
1305031544.207354 0.620111525 -0.256804079 -0.535949528 0.163286284 -0.132137582 -0.055285476 0.976125360
1305031544.243427 0.680110276 -0.277611494 -0.450539082 0.168959722 -0.116398402 -0.050230935 0.977435887
1305031544.275540 0.610521078 -0.253327638 -0.508834958 0.173013553 -0.100596234 -0.048133563 0.978585660
1305031544.307370 0.533794522 -0.228226438 -0.574395061 0.177479193 -0.084138282 -0.047877211 0.979351640
1305031544.343409 0.559287131 -0.234184042 -0.533657730 0.181770891 -0.067009591 -0.047327332 0.979912877
1305031544.375459 0.478697270 -0.139165878 -0.563127041 0.184484556 -0.055385076 -0.046222750 0.980184376
1305031544.407333 0.387595803 -0.115146555 -0.605418563 0.172371760 -0.042208530 -0.046856642 0.983011127
1305031544.443375 0.428960979 -0.183638290 -0.582012832 0.163018763 -0.032100976 -0.045761716 0.985038221
1305031544.475427 0.315012395 -0.124167740 -0.599792182 0.159066796 -0.026712306 -0.044321813 0.985910654
1305031544.507367 0.224016696 -0.132964134 -0.628404498 0.150510147 -0.026279535 -0.045983337 0.987188756
1305031544.543416 0.143501312 -0.128501967 -0.646469712 0.145510614 -0.028107287 -0.050520137 0.987666130
1305031544.575497 0.256312907 -0.155307293 -0.612968564 0.143529117 -0.030420251 -0.053905364 0.987708569
1305031544.607409 0.202755660 -0.074238315 -0.628663719 0.143678054 -0.035343736 -0.054152887 0.987509429
1305031544.643444 0.113000475 -0.051522978 -0.591977477 0.133844376 -0.039273594 -0.055785239 0.988651276
1305031544.675586 0.042944059 -0.089009240 -0.611685872 0.125194579 -0.044551399 -0.058473941 0.989405036
1305031544.707411 0.115180746 -0.109769039 -0.607846797 0.123814054 -0.047948048 -0.058703840 0.989406347
1305031544.743438 0.076144151 -0.143563852 -0.596216559 0.117719680 -0.054925937 -0.059011772 0.989769101
1305031544.775418 0.031358786 -0.152735263 -0.581276894 0.120204553 -0.056989875 -0.063069381 0.989103258
1305031544.807397 -0.049714040 -0.121980570 -0.571226597 0.125741959 -0.054088626 -0.064712435 0.988471389
1305031544.843491 -0.112323485 -0.078327008 -0.532934368 0.127628267 -0.053977709 -0.064239725 0.988266468
1305031544.875360 -0.024071392 -0.095096745 -0.565357566 0.121738739 -0.052728433 -0.067941472 0.988829255
1305031544.907423 -0.057887081 -0.118257031 -0.541721344 0.117160171 -0.052415323 -0.071424529 0.989153504
1305031544.943434 -0.096572846 -0.127520576 -0.525920510 0.112085670 -0.047851797 -0.076767586 0.989572525
1305031544.975537 -0.206780553 -0.129710004 -0.499123037 0.107696079 -0.038557172 -0.080818571 0.990143001
1305031545.007393 -0.247388899 -0.174944833 -0.467705220 0.101747595 -0.040359374 -0.078538634 0.990883529
1305031545.043477 -0.152980849 -0.146425411 -0.515549481 0.099756822 -0.036229808 -0.075893357 0.991451561
1305031545.075369 -0.197542071 -0.188537255 -0.500511587 0.101057939 -0.031878848 -0.071262546 0.991812825
1305031545.107399 -0.251184434 -0.179933757 -0.471490890 0.105747342 -0.026408067 -0.062678054 0.992064297
1305031545.144171 -0.269189417 -0.195172310 -0.444495827 0.107016906 -0.023323882 -0.049434319 0.992753565
1305031545.175406 -0.314551026 -0.230474010 -0.446881890 0.104462795 -0.015408855 -0.034398243 0.993814290
1305031545.207577 -0.253700852 -0.201701477 -0.473940909 0.102809943 -0.006055754 -0.020933826 0.994462252
1305031545.243483 -0.296449482 -0.256022692 -0.456144243 0.105075143 0.000575065 -0.007170685 0.994438231
1305031545.275369 -0.352720618 -0.242468730 -0.439713091 0.115059167 0.006969625 0.005384827 0.993319571
1305031545.307451 -0.396499872 -0.263715267 -0.419363946 0.115914769 0.011169591 0.017121816 0.993048728
1305031545.343494 -0.421831489 -0.291672647 -0.382183313 0.117569968 0.014751688 0.027556738 0.992572546
1305031545.375545 -0.472784489 -0.336179882 -0.375703782 0.119928688 0.021504400 0.041024379 0.991701424
1305031545.444180 -0.351978362 -0.285628289 -0.430545986 0.129592061 0.025880344 0.063672908 0.989182413
1305031545.475423 -0.358002961 -0.293636084 -0.433107018 0.143927813 0.025924433 0.071516812 0.986660063
1305031545.507394 -0.381351173 -0.316383302 -0.418390810 0.156639993 0.030658130 0.078778610 0.984031439
1305031545.543418 -0.314412266 -0.275815278 -0.457057208 0.178984597 0.002857711 0.082882173 0.980350435
1305031545.578078 -0.268601120 -0.240583003 -0.437174201 0.206312284 -0.016630339 0.085707061 0.974583507
1305031545.607417 -0.278470844 -0.215230480 -0.387261629 0.225807488 -0.013632060 0.073417075 0.971305847
1305031545.643463 -0.236044601 -0.270564795 -0.402735502 0.225258574 -0.022905042 0.074895009 0.971146047
1305031545.675289 -0.363504738 -0.357380748 -0.394419789 0.224130541 -0.001539113 0.073139556 0.971809506
1305031545.707398 -0.488736928 -0.349503875 -0.374063760 0.242651656 0.022426529 0.069256805 0.967378259
1305031545.743570 -0.542167187 -0.336582929 -0.360193223 0.248462945 0.032335259 0.064700231 0.965937078
1305031545.775452 -0.542581499 -0.322461337 -0.346796006 0.251460254 0.026580185 0.064949825 0.965320051
1305031545.807404 -0.577329099 -0.340447009 -0.337827265 0.247554168 0.020338854 0.070635781 0.966081679
1305031545.843376 -0.561129868 -0.330239207 -0.328183025 0.241501734 0.014429590 0.073193736 0.967528462
1305031545.875537 -0.622989595 -0.286903977 -0.267110169 0.237893105 0.035176288 0.059821982 0.968809009
1305031545.907389 -0.657447457 -0.294190198 -0.259981811 0.227506489 0.045296587 0.056906782 0.971056461
1305031545.943457 -0.648552239 -0.290644854 -0.228275031 0.213166386 0.041351002 0.063437335 0.974076927
1305031545.975621 -0.688093364 -0.277007341 -0.192882195 0.202338636 0.053607091 0.064375408 0.975726008
1305031546.007516 -0.696425319 -0.272325367 -0.166870907 0.190360978 0.054746367 0.067718804 0.977844417
1305031546.043769 -0.667699456 -0.261153132 -0.161698073 0.171055391 0.048471771 0.071973950 0.981432796
1305031546.075414 -0.692588687 -0.250492066 -0.140016377 0.155104235 0.063515402 0.074691571 0.983020663
1305031546.107395 -0.698976099 -0.253923357 -0.119263522 0.137976319 0.072743483 0.080066495 0.984510183
1305031546.143502 -0.699440002 -0.233943567 -0.110716134 0.128248289 0.080573343 0.087775625 0.984558642
1305031546.175952 -0.699790239 -0.208159506 -0.089526400 0.121818922 0.086457938 0.095105767 0.984195113
1305031546.207500 -0.682386756 -0.194765165 -0.088281110 0.111436322 0.086970940 0.103835657 0.984497905
1305031546.243551 -0.679128766 -0.178573951 -0.071677245 0.106677316 0.097050846 0.112776011 0.983098507
1305031546.276098 -0.699249744 -0.156183377 -0.043719269 0.107672244 0.110646583 0.120899700 0.980585158
1305031546.308110 -0.696372986 -0.141693234 -0.040006731 0.098813429 0.117801547 0.132087126 0.979240358
1305031546.343919 -0.689969242 -0.130582586 -0.010913907 0.095814906 0.124177836 0.141750172 0.977397680
1305031546.376056 -0.624908209 -0.100512885 -0.029863235 0.099689089 0.105747946 0.165240258 0.975487113
1305031546.407659 -0.644555926 -0.086674541 -0.008421317 0.098448604 0.116257630 0.169448301 0.973693609
1305031546.443968 -0.659910142 -0.094343677 0.023520382 0.096276529 0.125781596 0.173280239 0.972051322
1305031546.475996 -0.655683994 -0.054535039 0.044239543 0.101782583 0.124949194 0.178187147 0.970709741
1305031546.507967 -0.652428448 -0.053027302 0.058298152 0.095516562 0.127677828 0.183325931 0.970034301
1305031546.544068 -0.651227117 -0.027974853 0.073644206 0.100750782 0.128473476 0.188151345 0.968474507
1305031546.576412 -0.655043721 -0.015207456 0.081395917 0.095006578 0.131594911 0.190724462 0.968132615
1305031546.607717 -0.656013072 -0.004810283 0.094029218 0.088485479 0.131845534 0.196887895 0.967482448
1305031546.644200 -0.658722460 0.009213488 0.109099843 0.080956906 0.134110406 0.199336573 0.967328966
1305031546.676003 -0.659143388 0.031984791 0.135774061 0.078885749 0.136731699 0.202087998 0.966561913
1305031546.707934 -0.644924223 0.038328771 0.133074641 0.070637144 0.132343993 0.209661439 0.966197431
1305031546.743887 -0.645820737 0.050017085 0.144742846 0.060781088 0.136719733 0.210676596 0.966037631
1305031546.775864 -0.642322958 0.048332799 0.157898366 0.048905086 0.137904167 0.212984487 0.966037393
1305031546.807996 -0.641849875 0.052177384 0.168536767 0.044368159 0.139477447 0.213543907 0.965907097
1305031546.844079 -0.641740620 0.055515371 0.178189173 0.041575331 0.139133349 0.214328349 0.965907216
1305031546.876064 -0.639080942 0.053057984 0.187400073 0.037939887 0.136800647 0.213348940 0.966606617
1305031546.907783 -0.632262051 0.050236076 0.193464234 0.038116373 0.135671988 0.211966082 0.967062891
1305031546.943858 -0.635196209 0.052862044 0.199934378 0.042434972 0.137605146 0.209060788 0.967242301
1305031546.975884 -0.635156691 0.056414265 0.206473634 0.042963654 0.136063054 0.206539869 0.967978418
1305031547.011984 -0.632272542 0.051791910 0.210654497 0.042709939 0.133520558 0.204193443 0.968841136
1305031547.044214 -0.628824353 0.056546073 0.213539228 0.045610711 0.132753253 0.202048376 0.969264030
1305031547.076346 -0.623145700 0.051484022 0.211550504 0.043942913 0.134388372 0.200360030 0.969466150
1305031547.111991 -0.623788357 0.046897184 0.213833407 0.046274506 0.139433101 0.199050650 0.968914807
1305031547.144071 -0.625156045 0.049552854 0.214946628 0.052283328 0.142893746 0.197888523 0.968342900
1305031547.175909 -0.629748404 0.049439844 0.215793729 0.055443749 0.144544378 0.198939785 0.967706501
1305031547.211964 -0.626310647 0.046877168 0.211822182 0.056591474 0.139976054 0.199018568 0.968295276
1305031547.244113 -0.624754488 0.041404631 0.205802992 0.058058023 0.138589248 0.199044883 0.968402505
1305031547.276546 -0.627533495 0.045763101 0.203462794 0.063520275 0.139370427 0.197210640 0.968322754
1305031547.312261 -0.626303732 0.044149891 0.199174762 0.065204069 0.137963131 0.196005672 0.968657017
1305031547.344192 -0.630033374 0.046173457 0.197266728 0.069242708 0.137499139 0.196297318 0.968383610
1305031547.376753 -0.632121384 0.043514483 0.193572193 0.069936045 0.134577736 0.196283534 0.968746901
1305031547.412260 -0.629453778 0.039219696 0.188320190 0.070238926 0.130611628 0.196417525 0.969240546
1305031547.444472 -0.625478685 0.034880780 0.185265347 0.070861503 0.127857268 0.196006075 0.969645679
1305031547.476347 -0.625001967 0.034981113 0.183366060 0.074087121 0.128113419 0.194569170 0.969660163
1305031547.512114 -0.625575304 0.037512850 0.182152405 0.076186776 0.128874093 0.193375915 0.969635367
1305031547.544015 -0.622953713 0.032303337 0.182270423 0.074486300 0.129427046 0.193254560 0.969718039
1305031547.576437 -0.622649193 0.035358097 0.182719916 0.077763923 0.130031347 0.193241507 0.969382465
1305031547.612296 -0.623840630 0.039301060 0.185077131 0.078175336 0.130131215 0.193353876 0.969313562
1305031547.644160 -0.617671311 0.034193221 0.184628218 0.076215781 0.128587529 0.194251955 0.969496012
1305031547.677287 -0.619406879 0.043025929 0.186923906 0.079936519 0.130056396 0.195031151 0.968843818
1305031547.712338 -0.615475595 0.040085200 0.189669684 0.074159876 0.129712060 0.194826871 0.969390333
1305031547.744332 -0.611770332 0.035735730 0.188500658 0.073860496 0.130671918 0.195289209 0.969191194
1305031547.776390 -0.613304019 0.039610386 0.188935667 0.075798586 0.132433861 0.194567367 0.968947589
1305031547.812317 -0.610308468 0.038387462 0.189468533 0.074124165 0.133353204 0.193952203 0.969074309
1305031547.844564 -0.612081349 0.036766000 0.187712744 0.074266128 0.135496214 0.194617003 0.968632817
1305031547.876362 -0.612394869 0.039003123 0.189235061 0.074151091 0.135668173 0.194092810 0.968722761
1305031547.912744 -0.605267167 0.037255723 0.188197330 0.073328845 0.133895382 0.194683880 0.968913376
1305031547.944304 -0.606117129 0.037698604 0.189172849 0.073833078 0.135325268 0.194957614 0.968621314
1305031547.976482 -0.605742931 0.036665022 0.187788978 0.073099308 0.135290533 0.195403755 0.968591928
